CloudWH
800
100
CloudWH
saf
-67188.351563
2698.995361
-3411.318115
0.0
0.0
-2.349732
200.0
0.0
0.0
saf
0
-68100.375
2711.685303
-3948.380371
0.0
0.0
-2.349732
0
-68099.15625
2711.635498
-3948.380371
0.0
0.0
-2.349732
0
-68097.296875
2711.559326
-3948.380371
0.0
0.0
-2.349732
0
-68095.328125
2711.478516
-3948.380371
0.0
0.0
-2.349732
0
-68093.375
2711.398438
-3948.380371
0.0
0.0
-2.349732
0
-68091.195313
2711.309082
-3948.380371
0.0
0.0
-2.349732
0
-68089.023438
2711.219971
-3948.380371
0.0
0.0
-2.349732
0
-68086.835938
2711.130127
-3948.380371
0.0
0.0
-2.349732
0
-68084.734375
2711.043945
-3948.380371
0.0
0.0
-2.349732
0
-68082.328125
2710.945068
-3948.380371
0.0
0.0
-2.349732
0
-68078.171875
2710.774414
-3948.380371
0.0
0.0
-2.349732
0
-68073.226563
2710.571289
-3948.380371
0.0
0.0
-2.349732
0
-68066.0
2710.274658
-3948.380371
0.0
0.0
-2.349732
0
-68057.578125
2709.928955
-3948.380371
0.0
0.0
-2.349732
0
-68048.179688
2709.543457
-3948.380371
0.0
0.0
-2.349732
0
-68038.34375
2709.139893
-3948.380371
0.0
0.0
-2.349732
0
-68027.726563
2708.704102
-3948.380371
0.0
0.0
-2.349732
0
-68018.25
2708.31543
-3948.380371
0.0
0.0
-2.349732
0
-68008.734375
2707.925049
-3948.380371
0.0
0.0
-2.349732
0
-67997.984375
2707.483887
-3948.380371
0.0
0.0
-2.349732
0
-67984.929688
2706.948242
-3948.380371
0.0
0.0
-2.349732
0
-67969.976563
2706.334717
-3948.380371
0.0
0.0
-2.349732
0
-67954.601563
2705.703613
-3948.380371
0.0
0.0
-2.349732
0
-67937.796875
2705.013916
-3948.380371
0.0
0.0
-2.349732
0
-67921.835938
2704.359131
-3948.380371
0.0
0.0
-2.349732
0
-67905.492188
2703.688477
-3948.380371
0.0
0.0
-2.349732
0
-67888.859375
2703.005859
-3948.380371
0.0
0.0
-2.349732
0
-67872.304688
2702.326416
-3948.380371
0.0
0.0
-2.349732
0
-67853.414063
2701.55127
-3948.380371
0.0
0.0
-2.349732
0
-67830.164063
2700.597412
-3948.380371
0.0
0.0
-2.349732
0
-67804.367188
2699.538818
-3948.380371
0.0
0.0
-2.349732
0
-67779.453125
2698.516602
-3948.380371
0.0
0.0
-2.349732
0
-67755.554688
2697.536133
-3948.380371
0.0
0.0
-2.349732
0
-67732.007813
2696.570068
-3948.380371
0.0
0.0
-2.349732
0
-67708.59375
2695.609375
-3948.380371
0.0
0.0
-2.349732
0
-67685.609375
2694.666504
-3948.380371
0.0
0.0
-2.349732
0
-67662.125
2693.702881
-3948.380371
0.0
0.0
-2.349732
0
-67638.0625
2692.715332
-3948.380371
0.0
0.0
-2.349732
0
-67613.945313
2691.72583
-3948.380371
0.0
0.0
-2.349732
0
-67589.28125
2690.713867
-3948.380371
0.0
0.0
-2.349732
0
-67564.726563
2689.706299
-3948.380371
0.0
0.0
-2.349732
0
-67539.398438
2688.666748
-3948.380371
0.0
0.0
-2.349732
0
-67516.882813
2687.742676
-3948.380371
0.0
0.0
-2.349732
0
-67492.953125
2686.760742
-3948.380371
0.0
0.0
-2.349732
0
-67472.640625
2685.927246
-3948.412598
0.0
-0.090548
-2.349732
0
-67451.351563
2685.053711
-3948.524902
0.0
-0.302127
-2.349732
0
-67429.429688
2684.154053
-3948.73877
0.0
-0.558259
-2.349732
0
-67407.625
2683.259277
-3949.075195
0.0
-0.882904
-2.349732
0
-67385.492188
2682.351318
-3949.543701
0.0
-1.211696
-2.349732
0
-67363.929688
2681.466553
-3950.127441
0.0
-1.549408
-2.349732
0
-67342.828125
2680.60083
-3950.820068
0.0
-1.878445
-2.349732
0
-67320.851563
2679.698975
-3951.665283
0.0
-2.20053
-2.349732
0
-67299.3125
2678.814941
-3952.620117
0.0
-2.536097
-2.349732
0
-67277.84375
2677.933838
-3953.697021
0.0
-2.869082
-2.349732
0
-67259.0
2677.1604
-3954.75415
0.0
-3.207546
-2.349732
0
-67239.289063
2676.351563
-3955.962158
0.0
-3.504754
-2.349732
0
-67218.3125
2675.490967
-3957.362305
0.0
-3.815671
-2.349732
0
-67198.289063
2674.669189
-3958.756836
0.0
-3.980409
-2.349732
0
-67180.28125
2673.930176
-3960.042969
0.0
-4.081059
-2.349732
0
-67161.445313
2673.157227
-3961.387939
0.0
-4.081059
-2.349732
0
-67141.507813
2672.339111
-3962.811523
0.0
-4.081059
-2.349732
0
-67122.023438
2671.539551
-3964.203125
0.0
-4.081059
-2.349732
0
-67103.273438
2670.770264
-3965.541992
0.0
-4.081059
-2.349732
0
-67084.335938
2669.993164
-3966.894287
0.0
-4.081059
-2.349732
0
-67065.070313
2669.202637
-3968.270264
0.0
-4.081059
-2.349732
0
-67045.640625
2668.405518
-3969.657471
0.0
-4.081059
-2.349732
0
-67024.78125
2667.549561
-3971.147217
0.0
-4.081059
-2.349732
0
-67001.867188
2666.609375
-3972.783447
0.0
-4.081059
-2.349732
0
-66977.359375
2665.60376
-3974.533691
0.0
-4.081059
-2.349732
0
-66954.96875
2664.685059
-3976.132568
0.0
-4.081059
-2.349732
0
-66933.875
2663.81958
-3977.638672
0.0
-4.081059
-2.349732
0
-66911.070313
2662.884033
-3979.266846
0.0
-4.081059
-2.349732
0
-66887.414063
2661.913086
-3980.956299
0.0
-4.081059
-2.349732
0
-66864.3125
2660.965088
-3982.605957
0.0
-4.081059
-2.349732
0
-66842.023438
2660.050537
-3984.19751
0.0
-4.081059
-2.349732
0
-66817.859375
2659.059082
-3985.922852
0.0
-4.081059
-2.349732
0
-66794.09375
2658.083984
-3987.619873
0.0
-4.081059
-2.349732
0
-66771.234375
2657.145996
-3989.251953
0.0
-4.081059
-2.349732
0
-66748.617188
2656.218018
-3990.866943
0.0
-4.081059
-2.349732
0
-66724.875
2655.243652
-3992.5625
0.0
-4.081059
-2.349732
0
-66704.625
2654.412598
-3994.008789
0.0
-4.081059
-2.349732
0
-66684.953125
2653.605469
-3995.413574
0.0
-4.081059
-2.349732
0
-66665.429688
2652.804199
-3996.807861
0.0
-4.081059
-2.349732
0
-66641.40625
2651.818359
-3998.523438
0.0
-4.081059
-2.349732
0
-66613.265625
2650.663818
-4000.532715
0.0
-4.081059
-2.349732
0
-66584.328125
2649.476318
-4002.599121
0.0
-4.081059
-2.349732
0
-66554.265625
2648.242676
-4004.74585
0.0
-4.081059
-2.349732
0
-66520.796875
2646.869385
-4007.135742
0.0
-4.081059
-2.349732
0
-66487.984375
2645.522949
-4009.479004
0.0
-4.081059
-2.349732
0
-66458.96875
2644.33252
-4011.550781
0.0
-4.081059
-2.349732
0
-66427.710938
2643.049805
-4013.782959
0.0
-4.081059
-2.349732
0
-66397.390625
2641.805908
-4015.947754
0.0
-4.081059
-2.349732
0
-66366.945313
2640.556396
-4018.12207
0.0
-4.081059
-2.349732
0
-66337.9375
2639.365967
-4020.193604
0.0
-4.081059
-2.349732
0
-66307.84375
2638.131104
-4022.342285
0.0
-4.081059
-2.349732
0
-66277.171875
2636.872559
-4024.532471
0.0
-4.081059
-2.349732
0
-66246.304688
2635.605957
-4026.736572
0.0
-4.081059
-2.349732
0
-66214.789063
2634.312744
-4028.987305
0.0
-4.081059
-2.349732
0
-66176.828125
2632.754883
-4031.698242
0.0
-4.081059
-2.349732
0
-66140.710938
2631.277832
-4034.277344
-0.000549
-4.081059
-2.342041
0
-66103.164063
2629.742676
-4036.958252
-0.00061
-4.081059
-2.341309
0
-66065.40625
2628.199219
-4039.654541
-0.000671
-4.081059
-2.340606
0
-66023.117188
2626.475342
-4042.674316
-0.001129
-4.081059
-2.334289
0
-65980.273438
2624.72876
-4045.733887
-0.001129
-4.081059
-2.334289
0
-65933.328125
2622.815186
-4049.086182
-0.001129
-4.081059
-2.334289
0
-65884.992188
2620.844727
-4052.537842
-0.001129
-4.081059
-2.334289
0
-65833.304688
2618.737549
-4056.229004
-0.001129
-4.081059
-2.334289
0
-65779.398438
2616.540283
-4060.078125
-0.001129
-4.081059
-2.334289
0
-65733.4375
2614.666504
-4063.360352
-0.001129
-4.081059
-2.334289
0
-65685.695313
2612.720215
-4066.769531
-0.001129
-4.081059
-2.334289
0
-65638.429688
2610.793457
-4070.144775
-0.001129
-4.081059
-2.334289
0
-65589.40625
2608.795166
-4073.645264
-0.001129
-4.081059
-2.334289
0
-65541.703125
2606.850586
-4077.051758
-0.001129
-4.081059
-2.334289
0
-65492.65625
2604.851318
-4080.554199
-0.001129
-4.081059
-2.334289
0
-65439.46875
2602.68335
-4084.352051
-0.001129
-4.081059
-2.334289
0
-65389.679688
2600.653809
-4087.907471
-0.001129
-4.081059
-2.334289
0
-65339.859375
2598.623047
-4091.464844
-0.001129
-4.081059
-2.334289
0
-65287.082031
2596.47168
-4095.233643
-0.001129
-4.081059
-2.334289
0
-65235.574219
2594.37207
-4098.911621
-0.001129
-4.081059
-2.334289
0
-65184.898438
2592.306152
-4102.530273
-0.001129
-4.081059
-2.334289
0
-65131.695313
2590.137451
-4106.32959
-0.001129
-4.081059
-2.334289
0
-65081.722656
2588.162354
-4109.897949
-0.006165
-4.081059
-2.263489
0
-65027.203125
2586.09082
-4113.790527
-0.01239
-4.081024
-2.175935
0
-64977.089844
2584.487549
-4117.367676
-0.036835
-4.080867
-1.832306
0
-64926.0625
2583.144775
-4121.009277
-0.059967
-4.080594
-1.507324
0
-64872.238281
2582.053223
-4124.849609
-0.084534
-4.08017
-1.161896
0
-64819.882813
2581.324463
-4128.583984
-0.110443
-4.079563
-0.797577
0
-64768.375
2580.926025
-4132.256836
-0.135651
-4.078791
-0.443237
0
-64714.332031
2580.83667
-4136.109863
-0.160431
-4.077882
-0.094666
0
-64664.109375
2581.074219
-4139.689453
-0.186432
-4.076776
0.271062
0
-64609.257813
2581.643799
-4143.598145
-0.209473
-4.075649
0.595033
0
-64556.105469
2582.266357
-4147.385254
-0.214874
-4.075382
0.671034
0
-64504.296875
2582.873047
-4151.07666
-0.214874
-4.075382
0.671034
0
-64452.097656
2583.484375
-4154.795898
-0.214874
-4.075382
0.671034
0
-64401.402344
2584.078125
-4158.408203
-0.214874
-4.075382
0.671034
0
-64347.105469
2584.714111
-4162.277344
-0.214874
-4.075382
0.671034
0
-64293.585938
2585.341064
-4166.09082
-0.214874
-4.075382
0.671034
0
-64240.996094
2585.957031
-4169.837891
-0.214874
-4.075382
0.671034
0
-64188.921875
2586.566895
-4173.54834
-0.214874
-4.075382
0.671034
0
-64137.105469
2587.173828
-4177.240234
-0.214874
-4.075382
0.671034
0
-64085.71875
2587.775635
-4180.901367
-0.214874
-4.075382
0.671034
0
-64033.667969
2588.385254
-4184.610352
-0.214874
-4.075382
0.671034
0
-63979.722656
2589.01709
-4188.454102
-0.214874
-4.075382
0.671034
0
-63929.5625
2589.604492
-4192.02832
-0.214874
-4.075382
0.671034
0
-63877.476563
2590.2146
-4195.739746
-0.214874
-4.075382
0.671034
0
-63819.820313
2590.889893
-4199.848145
-0.214874
-4.075382
0.671034
0
-63769.964844
2591.473877
-4203.400391
-0.214874
-4.075382
0.671034
0
-63716.980469
2592.094482
-4207.175781
-0.214874
-4.075382
0.671034
0
-63661.695313
2592.543457
-4211.115723
-0.200256
-4.076099
0.465394
0
-63603.578125
2592.575195
-4215.258789
-0.169403
-4.077513
0.031253
0
-63550.378906
2592.025391
-4219.052734
-0.125061
-4.079098
-0.592071
0
-63499.667969
2590.998535
-4222.670898
-0.084656
-4.080136
-1.160004
0
-63447.882813
2589.460205
-4226.367188
-0.046112
-4.080751
-1.701477
0
-63396.625
2587.439941
-4230.026855
-0.006561
-4.080997
-2.257141
0
-63344.203125
2584.871582
-4233.771484
0.03241
-4.080867
-2.804749
0
-63293.121094
2581.94165
-4237.421387
0.066429
-4.080443
-3.282807
0
-63241.03125
2578.758301
-4241.144043
0.081697
-4.08017
-3.497407
0
-63187.707031
2575.499268
-4244.95459
0.081697
-4.08017
-3.497407
0
-63135.886719
2572.332031
-4248.658203
0.081697
-4.08017
-3.497407
0
-63082.9375
2569.095947
-4252.442383
0.081697
-4.08017
-3.497407
0
-63033.445313
2566.071289
-4255.979492
0.081697
-4.08017
-3.497407
0
-62981.570313
2562.900879
-4259.687012
0.081697
-4.08017
-3.497407
0
-62927.574219
2559.60083
-4263.545898
0.081697
-4.08017
-3.497407
0
-62875.566406
2556.422363
-4267.262695
0.081697
-4.08017
-3.497407
0
-62825.03125
2553.333984
-4270.874023
0.081697
-4.08017
-3.497407
0
-62762.078125
2549.486572
-4275.373047
0.081697
-4.08017
-3.497407
0
-62710.277344
2546.320557
-4279.075195
0.081697
-4.08017
-3.497407
0
-62653.007813
2542.820557
-4283.167969
0.081697
-4.08017
-3.497407
0
-62600.082031
2539.585938
-4286.950195
0.081697
-4.08017
-3.497407
0
-62546.96875
2536.339844
-4290.746094
0.081697
-4.08017
-3.497407
0
-62496.753906
2533.270996
-4294.334473
0.081697
-4.08017
-3.497407
0
-62443.734375
2530.030518
-4298.123535
0.081697
-4.08017
-3.497407
0
-62389.09375
2526.690918
-4302.02832
0.081697
-4.08017
-3.497407
0
-62330.722656
2523.123535
-4306.199707
0.081697
-4.08017
-3.497407
0
-62276.515625
2519.810547
-4310.07373
0.081697
-4.08017
-3.497407
0
-62224.074219
2516.605469
-4313.821777
0.081697
-4.08017
-3.497407
0
-62169.566406
2513.27417
-4317.717285
0.081697
-4.08017
-3.497407
0
-62115.386719
2509.962891
-4321.589355
0.081697
-4.08017
-3.497407
0
-62061.664063
2506.679688
-4325.428711
0.081697
-4.08017
-3.497407
0
-62006.472656
2503.306396
-4329.373047
0.081697
-4.08017
-3.497407
0
-61953.382813
2500.061768
-4333.166992
0.081697
-4.08017
-3.497407
0
-61896.722656
2496.598633
-4337.216309
0.081697
-4.08017
-3.497407
0
-61839.175781
2493.081543
-4341.329102
0.081697
-4.08017
-3.497407
0
-61785.398438
2489.794922
-4345.172363
0.081697
-4.08017
-3.497407
0
-61728.621094
2486.324951
-4349.22998
0.081697
-4.08017
-3.497407
0
-61665.070313
2482.440918
-4353.771973
0.081697
-4.08017
-3.497407
0
-61605.921875
2478.825928
-4357.999023
0.081697
-4.08017
-3.497407
0
-61550.898438
2475.463135
-4361.931152
0.081697
-4.08017
-3.497407
0
-61497.269531
2472.185547
-4365.763672
0.081697
-4.08017
-3.497407
0
-61436.765625
2468.487793
-4370.087891
0.081697
-4.08017
-3.497407
0
-61383.804688
2465.250977
-4373.872559
0.081697
-4.08017
-3.497407
0
-61331.039063
2462.104248
-4377.643555
0.075672
-4.080287
-3.41272
0
-61274.792969
2459.003418
-4381.662109
0.05738
-4.080594
-3.155641
0
-61216.886719
2456.190186
-4385.79834
0.030741
-4.080901
-2.781311
0
-61161.429688
2453.901367
-4389.758301
0.001007
-4.081024
-2.363495
0
-61106.945313
2452.038818
-4393.647949
-0.027863
-4.080928
-1.958039
0
-61051.507813
2450.529297
-4397.604492
-0.056213
-4.080628
-1.559784
0
-60993.59375
2449.262695
-4401.736816
-0.078033
-4.080259
-1.252991
0
-60938.625
2448.319824
-4405.658203
-0.09726
-4.079836
-0.982788
0
-60882.378906
2447.35498
-4409.670898
-0.09726
-4.079836
-0.982788
0
-60827.828125
2446.419189
-4413.5625
-0.09726
-4.079836
-0.982788
0
-60773.488281
2445.487061
-4417.438965
-0.09726
-4.079836
-0.982788
0
-60717.136719
2444.520264
-4421.458984
-0.09726
-4.079836
-0.982788
0
-60663.753906
2443.604492
-4425.26709
-0.09726
-4.079836
-0.982788
0
-60606.117188
2442.615723
-4429.378906
-0.09726
-4.079836
-0.982788
0
-60543.765625
2441.546143
-4433.827148
-0.09726
-4.079836
-0.982788
0
-60489.523438
2440.615723
-4437.696777
-0.09726
-4.079836
-0.982788
0
-60431.902344
2439.627197
-4441.807129
-0.09726
-4.079836
-0.982788
0
-60378.425781
2438.709961
-4445.62207
-0.09726
-4.079836
-0.982788
0
-60325.617188
2437.803955
-4449.38916
-0.09726
-4.079836
-0.982788
0
-60269.066406
2436.83374
-4453.42334
-0.09726
-4.079836
-0.982788
0
-60215.488281
2435.914551
-4457.245605
-0.09726
-4.079836
-0.982788
0
-60157.441406
2434.918701
-4461.386719
-0.09726
-4.079836
-0.982788
0
-60098.515625
2433.907959
-4465.590332
-0.09726
-4.079836
-0.982788
0
-60040.105469
2432.906006
-4469.757324
-0.09726
-4.079836
-0.982788
0
-59983.078125
2431.927734
-4473.825684
-0.09726
-4.079836
-0.982788
0
-59929.242188
2431.00415
-4477.666016
-0.09726
-4.079836
-0.982788
0
-59873.253906
2430.043701
-4481.660156
-0.09726
-4.079836
-0.982788
0
-59818.628906
2429.106689
-4485.557129
-0.09726
-4.079836
-0.982788
0
-59761.207031
2428.121582
-4489.65332
-0.09726
-4.079836
-0.982788
0
-59707.089844
2427.193359
-4493.513672
-0.09726
-4.079836
-0.982788
0
-59647.246094
2426.166748
-4497.782715
-0.09726
-4.079836
-0.982788
0
-59590.402344
2425.19165
-4501.837891
-0.09726
-4.079836
-0.982788
0
-59535.011719
2424.241455
-4505.789551
-0.09726
-4.079836
-0.982788
0
-59479.050781
2423.281494
-4509.781738
-0.09726
-4.079836
-0.982788
0
-59417.382813
2422.223633
-4514.181152
-0.09726
-4.079836
-0.982788
0
-59358.011719
2421.205078
-4518.416504
-0.09726
-4.079836
-0.982788
0
-59300.398438
2420.216797
-4522.526367
-0.09726
-4.079836
-0.982788
0
-59246.464844
2419.291504
-4526.374023
-0.09726
-4.079836
-0.982788
0
-59189.199219
2418.309082
-4530.459473
-0.09726
-4.079836
-0.982788
0
-59134.222656
2417.365967
-4534.381348
-0.09726
-4.079836
-0.982788
0
-59075.820313
2416.364014
-4538.547852
-0.09726
-4.079836
-0.982788
0
-59019.964844
2415.405762
-4542.532227
-0.09726
-4.079836
-0.982788
0
-58960.292969
2414.38208
-4546.789063
-0.09726
-4.079836
-0.982788
0
-58901.210938
2413.368652
-4551.003906
-0.09726
-4.079836
-0.982788
0
-58844.488281
2412.395508
-4555.050293
-0.09726
-4.079836
-0.982788
0
-58791.796875
2411.491699
-4558.809082
-0.09726
-4.079836
-0.982788
0
-58733.585938
2410.493164
-4562.961914
-0.09726
-4.079836
-0.982788
0
-58678.492188
2409.548096
-4566.89209
-0.09726
-4.079836
-0.982788
0
-58623.621094
2408.606689
-4570.806641
-0.09726
-4.079836
-0.982788
0
-58569.59375
2407.679932
-4574.660645
-0.09726
-4.079836
-0.982788
0
-58510.9375
2406.673828
-4578.844727
-0.09726
-4.079836
-0.982788
0
-58454.339844
2405.702881
-4582.882324
-0.09726
-4.079836
-0.982788
0
-58396.136719
2404.704346
-4587.03418
-0.09726
-4.079836
-0.982788
0
-58339.628906
2403.734863
-4591.06543
-0.09726
-4.079836
-0.982788
0
-58278.773438
2402.690918
-4595.406738
-0.09726
-4.079836
-0.982788
0
-58222.101563
2401.71875
-4599.449707
-0.09726
-4.079836
-0.982788
0
-58166.882813
2400.771484
-4603.388672
-0.09726
-4.079836
-0.982788
0
-58111.738281
2399.825439
-4607.322754
-0.09726
-4.079836
-0.982788
0
-58056.546875
2398.878662
-4611.260254
-0.09726
-4.079836
-0.982788
0
-57997.941406
2397.873291
-4615.440918
-0.09726
-4.079836
-0.982788
0
-57942.535156
2396.922852
-4619.393555
-0.09726
-4.079836
-0.982788
0
-57886.925781
2395.968994
-4623.360352
-0.09726
-4.079836
-0.982788
0
-57828.617188
2394.96875
-4627.52002
-0.09726
-4.079836
-0.982788
0
-57768.386719
2393.935547
-4631.816895
-0.09726
-4.079836
-0.982788
0
-57710.46875
2392.941895
-4635.94873
-0.09726
-4.079836
-0.982788
0
-57656.171875
2392.010498
-4639.822266
-0.09726
-4.079836
-0.982788
0
-57601.347656
2391.070068
-4643.733398
-0.09726
-4.079836
-0.982788
0
-57544.078125
2390.087646
-4647.818848
-0.09726
-4.079836
-0.982788
0
-57488.921875
2389.141602
-4651.753418
-0.09726
-4.079836
-0.982788
0
-57433.320313
2388.187744
-4655.719727
-0.09726
-4.079836
-0.982788
0
-57376.429688
2387.21167
-4659.77832
-0.09726
-4.079836
-0.982788
0
-57321.988281
2386.277832
-4663.662109
-0.09726
-4.079836
-0.982788
0
-57265.214844
2385.303955
-4667.712402
-0.09726
-4.079836
-0.982788
0
-57211.058594
2384.375
-4671.575684
-0.09726
-4.079836
-0.982788
0
-57145.6875
2383.253662
-4676.239258
-0.09726
-4.079836
-0.982788
0
-57081.359375
2382.150146
-4680.828125
-0.09726
-4.079836
-0.982788
0
-57025.652344
2381.19458
-4684.802246
-0.09726
-4.079836
-0.982788
0
-56968.398438
2380.212402
-4688.886719
-0.09726
-4.079836
-0.982788
0
-56913.902344
2379.277588
-4692.774414
-0.09726
-4.079836
-0.982788
0
-56858.105469
2378.320313
-4696.754883
-0.09726
-4.079836
-0.982788
0
-56801.800781
2377.354492
-4700.771484
-0.09726
-4.079836
-0.982788
0
-56746.058594
2376.398193
-4704.748047
-0.09726
-4.079836
-0.982788
0
-56690.824219
2375.450684
-4708.688477
-0.09726
-4.079836
-0.982788
0
-56633.871094
2374.473633
-4712.751465
-0.09726
-4.079836
-0.982788
0
-56578.128906
2373.517334
-4716.728027
-0.09726
-4.079836
-0.982788
0
-56518.4375
2372.493408
-4720.986328
-0.09726
-4.079836
-0.982788
0
-56463.347656
2371.54834
-4724.916504
-0.09726
-4.079836
-0.982788
0
-56407.042969
2370.450684
-4728.929688
-0.087708
-4.076079
-1.116882
0
-56349.269531
2369.147461
-4732.972168
-0.075256
-4.001398
-1.292145
0
-56291.820313
2367.671143
-4736.915039
-0.062714
-3.924736
-1.471955
0
-56237.433594
2366.10376
-4740.575195
-0.050476
-3.848477
-1.650726
0
-56182.640625
2364.362793
-4744.193359
-0.039124
-3.776241
-1.819916
0
-56124.890625
2362.371826
-4747.928223
-0.028931
-3.698144
-1.974487
0
-56066.550781
2360.297119
-4751.617188
-0.024902
-3.615758
-2.036713
0
-56006.335938
2358.155762
-4755.354492
-0.024902
-3.549403
-2.036743
0
-55949.195313
2356.123535
-4758.896973
-0.024902
-3.545039
-2.036743
0
-55890.773438
2354.045898
-4762.518555
-0.024902
-3.545039
-2.036743
0
-55833.078125
2351.994141
-4766.095215
-0.024902
-3.545039
-2.036743
0
-55775.496094
2349.946533
-4769.664551
-0.024902
-3.545039
-2.036743
0
-55719.972656
2347.971924
-4773.106445
-0.024902
-3.545039
-2.036743
0
-55659.015625
2345.804199
-4776.885254
-0.024902
-3.545039
-2.036743
0
-55600.855469
2343.73584
-4780.490723
-0.024902
-3.545039
-2.036743
0
-55543.503906
2341.696289
-4784.045898
-0.024902
-3.545039
-2.036743
0
-55486.820313
2339.68042
-4787.55957
-0.024902
-3.545039
-2.036743
0
-55427.914063
2337.585449
-4791.211426
-0.024902
-3.545039
-2.036743
0
-55369.945313
2335.523926
-4794.805176
-0.024902
-3.545039
-2.036743
0
-55313.410156
2333.513428
-4798.310059
-0.024902
-3.545039
-2.036743
0
-55259.160156
2331.583984
-4801.67334
-0.024902
-3.545039
-2.036743
0
-55204.347656
2329.634766
-4805.071289
-0.024902
-3.545039
-2.036743
0
-55145.785156
2327.552002
-4808.70166
-0.024902
-3.545039
-2.036743
0
-55089.816406
2325.561523
-4812.171387
-0.024902
-3.545039
-2.036743
0
-55036.105469
2323.651367
-4815.500977
-0.024902
-3.545039
-2.036743
0
-54979.554688
2321.640381
-4819.006348
-0.024902
-3.545039
-2.036743
0
-54917.089844
2319.418945
-4822.878418
-0.024902
-3.545039
-2.036743
0
-54857.113281
2317.285889
-4826.59668
-0.024902
-3.545039
-2.036743
0
-54802.421875
2315.341064
-4829.986816
-0.024902
-3.545039
-2.036743
0
-54747.308594
2313.381104
-4833.40332
-0.024902
-3.545039
-2.036743
0
-54685.957031
2311.199219
-4837.206543
-0.024902
-3.545039
-2.036743
0
-54626.554688
2309.08667
-4840.888672
-0.024902
-3.545039
-2.036743
0
-54570.074219
2307.078125
-4844.390137
-0.024902
-3.545039
-2.036743
0
-54510.996094
2304.977051
-4848.052246
-0.024902
-3.545039
-2.036743
0
-54455.3125
2302.996826
-4851.503906
-0.024902
-3.545039
-2.036743
0
-54398.527344
2300.977295
-4855.023926
-0.024902
-3.545039
-2.036743
0
-54338.367188
2298.837891
-4858.753418
-0.024902
-3.545039
-2.036743
0
-54281.945313
2296.831299
-4862.250977
-0.024902
-3.545039
-2.036743
0
-54219.453125
2294.608887
-4866.125
-0.024902
-3.545039
-2.036743
0
-54162.109375
2292.56958
-4869.679688
-0.024902
-3.545039
-2.036743
0
-54103.308594
2290.478516
-4873.324707
-0.024902
-3.545039
-2.036743
0
-54046.035156
2288.44165
-4876.875
-0.024902
-3.545039
-2.036743
0
-53986.289063
2286.316895
-4880.578613
-0.024902
-3.545039
-2.036743
0
-53931.679688
2284.374756
-4883.963867
-0.024902
-3.545039
-2.036743
0
-53872.929688
2282.2854
-4887.605957
-0.024902
-3.545039
-2.036743
0
-53816.15625
2280.266357
-4891.125488
-0.024902
-3.545039
-2.036743
0
-53754.785156
2278.083984
-4894.929688
-0.024902
-3.545039
-2.036743
0
-53698.207031
2276.072021
-4898.437012
-0.024902
-3.545039
-2.036743
0
-53641.453125
2274.053711
-4901.955078
-0.024902
-3.545039
-2.036743
0
-53581.039063
2271.905029
-4905.700195
-0.024902
-3.545039
-2.036743
0
-53522.101563
2269.809082
-4909.353516
-0.024902
-3.545039
-2.036743
0
-53463.566406
2267.727539
-4912.981934
-0.024902
-3.545039
-2.036743
0
-53404.765625
2265.636475
-4916.626953
-0.024902
-3.545039
-2.036743
0
-53348.277344
2263.627441
-4920.128906
-0.024902
-3.545039
-2.036743
0
-53290.339844
2261.566895
-4923.720703
-0.024902
-3.545039
-2.036743
0
-53235.140625
2259.604004
-4927.142578
-0.024902
-3.545039
-2.036743
0
-53177.34375
2257.548584
-4930.725586
-0.024902
-3.545039
-2.036743
0
-53118.183594
2255.44458
-4934.393066
-0.024902
-3.545039
-2.036743
0
-53062.363281
2253.459473
-4937.853516
-0.024902
-3.545039
-2.036743
0
-53005.414063
2251.434326
-4941.383789
-0.024902
-3.545039
-2.036743
0
-52948.078125
2249.395264
-4944.937988
-0.024902
-3.545039
-2.036743
0
-52893.4375
2247.452148
-4948.325195
-0.024902
-3.545039
-2.036743
0
-52837.777344
2245.472656
-4951.775879
-0.024902
-3.545039
-2.036743
0
-52784.695313
2243.584961
-4955.066406
-0.024902
-3.545039
-2.036743
0
-52722.804688
2241.384033
-4958.90332
-0.024902
-3.545039
-2.036743
0
-52663.851563
2239.287354
-4962.558105
-0.024902
-3.545039
-2.036743
0
-52597.402344
2236.924316
-4966.677246
-0.024902
-3.545039
-2.036743
0
-52537.882813
2234.807617
-4970.366699
-0.024902
-3.545039
-2.036743
0
-52483.21875
2232.863525
-4973.755371
-0.024902
-3.545039
-2.036743
0
-52424.097656
2230.760986
-4977.42041
-0.024902
-3.545039
-2.036743
0
-52364.277344
2228.633545
-4981.128906
-0.024902
-3.545039
-2.036743
0
-52306.296875
2226.571533
-4984.750977
-0.024902
-3.572503
-2.036743
0
-52252.507813
2224.658691
-4988.17334
-0.024902
-3.638428
-2.036713
0
-52196.78125
2222.677002
-4991.793945
-0.024902
-3.715206
-2.036682
0
-52141.828125
2220.7229
-4995.440918
-0.024902
-3.794771
-2.036652
0
-52084.949219
2218.700195
-4999.310059
-0.024902
-3.889164
-2.036621
0
-52030.082031
2216.749023
-5003.136719
-0.024902
-3.986877
-2.036591
0
-51972.785156
2214.71167
-5007.227539
-0.024902
-4.08114
-2.036561
0
-51916.015625
2212.693115
-5011.378418
-0.024902
-4.179625
-2.03653
0
-51856.265625
2210.568359
-5015.850098
-0.024902
-4.277187
-2.036499
0
-51799.285156
2208.542236
-5020.217285
-0.024902
-4.379906
-2.036469
0
-51742.359375
2206.518066
-5024.678223
-0.024902
-4.477872
-2.036438
0
-51688.511719
2204.603271
-5028.990723
-0.024902
-4.575748
-2.036407
0
-51629.429688
2202.502441
-5033.818359
-0.024902
-4.668338
-2.036377
0
-51574.347656
2200.543945
-5038.41748
-0.024902
-4.769958
-2.036346
0
-51513.289063
2198.373047
-5043.617188
-0.024902
-4.864713
-2.036316
0
-51456.839844
2196.365967
-5048.528809
-0.024902
-4.969755
-2.036255
0
-51398.160156
2194.279541
-5053.734863
-0.024902
-5.066894
-2.036225
0
-51342.851563
2192.313232
-5058.740234
-0.024902
-5.167878
-2.036194
0
-51283.28125
2190.195313
-5064.230957
-0.024902
-5.263063
-2.036164
0
-51227.5
2188.212158
-5069.473145
-0.024902
-5.365605
-2.036133
0
-51171.476563
2186.220459
-5074.833008
-0.024902
-5.461637
-2.036103
0
-51115.023438
2184.213379
-5080.330078
-0.024902
-5.558107
-2.036072
0
-51058.246094
2182.194824
-5085.956055
-0.024902
-5.655335
-2.036041
0
-50998.597656
2180.074219
-5091.969727
-0.024902
-5.753143
-2.036011
0
-50940.621094
2178.013184
-5097.919434
-0.024902
-5.855896
-2.03598
0
-50881.886719
2175.925293
-5104.050781
-0.024902
-5.955809
-2.03595
0
-50826.015625
2173.939209
-5109.98291
-0.024902
-6.057039
-2.035919
0
-50767.921875
2171.874023
-5116.25
-0.024902
-6.153351
-2.035889
0
-50713.050781
2169.92334
-5122.266602
-0.024902
-6.253502
-2.035858
0
-50652.113281
2167.757324
-5129.050293
-0.024902
-6.348148
-2.035827
0
-50592.882813
2165.6521
-5135.753906
-0.024902
-6.453244
-2.035767
0
-50535.167969
2163.600586
-5142.390625
-0.024902
-6.555417
-2.035737
0
-50479.164063
2161.610107
-5148.928711
-0.024902
-6.654994
-2.035706
0
-50421.460938
2159.559082
-5155.76416
-0.024902
-6.751648
-2.035676
0
-50357.4375
2157.283447
-5163.461426
-0.024902
-6.85126
-2.035645
0
-50302.234375
2155.321289
-5170.206543
-0.024902
-6.961786
-2.035584
0
-50245.324219
2153.298584
-5177.256348
-0.024902
-7.057136
-2.035553
0
-50185.046875
2151.15625
-5184.828125
-0.024902
-7.155422
-2.035523
0
-50130.847656
2149.22998
-5191.736328
-0.024902
-7.259582
-2.035492
0
-50075.171875
2147.251221
-5198.925781
-0.024902
-7.353238
-2.035462
0
-50016.070313
2145.150879
-5206.658203
-0.024902
-7.449461
-2.035431
0
-49959.113281
2143.126709
-5214.271973
-0.024902
-7.609192
-2.03537
0
-49902.316406
2141.108398
-5222.030762
-0.024902
-7.774292
-2.035309
0
-49845.203125
2139.078857
-5230.000488
-0.024902
-7.938995
-2.035248
0
-49790.96875
2137.151611
-5237.733887
-0.024902
-8.110228
-2.035187
0
-49731.1875
2135.027344
-5246.431641
-0.024902
-8.272888
-2.035126
0
-49674.066406
2132.997803
-5254.924805
-0.024902
-8.452263
-2.035034
0
-49619.265625
2131.050537
-5263.241211
-0.024902
-8.623714
-2.034973
0
-49564.332031
2129.098633
-5271.739258
-0.024902
-8.788295
-2.034912
0
-49509.007813
2127.133057
-5280.460938
-0.024902
-8.95334
-2.034851
0
-49451.199219
2125.079102
-5289.746582
-0.024902
-9.119627
-2.03479
0
-49395.347656
2123.094727
-5298.893066
-0.024902
-9.29422
-2.034698
0
-49337.851563
2121.052002
-5308.476563
-0.024902
-9.45682
-2.034637
0
-49278.171875
2118.931885
-5318.603027
-0.024902
-9.624269
-2.034577
0
-49216.726563
2116.749268
-5329.221191
-0.024902
-9.798152
-2.034485
0
-49155.792969
2114.584717
-5339.947266
-0.024902
-9.977294
-2.034394
0
-49101.839844
2112.668213
-5349.617188
-0.024902
-10.155029
-2.034302
0
-49045.570313
2110.669434
-5359.862305
-0.024902
-10.312499
-2.034241
0
-48989.351563
2108.672607
-5370.265137
-0.024902
-10.476806
-2.03418
0
-48933.476563
2106.687988
-5380.77002
-0.024902
-10.641051
-2.034119
0
-48879.097656
2104.756592
-5391.159668
-0.024902
-10.809874
-2.034058
0
-48823.019531
2102.764893
-5402.013672
-0.024902
-10.947536
-2.033997
0
-48768.210938
2100.818359
-5412.724609
-0.024902
-11.050931
-2.033936
0
-48710.820313
2098.780273
-5424.028809
-0.024902
-11.135864
-2.033905
0
-48656.75
2096.860107
-5434.766113
-0.024902
-11.224821
-2.033875
0
-48602.378906
2094.929199
-5445.645996
-0.024902
-11.308655
-2.033844
0
-48542.046875
2092.786621
-5457.811035
-0.024902
-11.393001
-2.033814
0
-48483.957031
2090.723877
-5469.622559
-0.024902
-11.486602
-2.033783
0
-48429.882813
2088.803711
-5480.706543
-0.024902
-11.576754
-2.033752
0
-48371.28125
2086.722656
-5492.808105
-0.024902
-11.66071
-2.033722
0
-48312.21875
2084.625244
-5505.103027
-0.024902
-11.751709
-2.033691
0
-48258.058594
2082.702148
-5516.467773
-0.024902
-11.843479
-2.033661
0
-48204.152344
2080.787842
-5527.862305
-0.024902
-11.927641
-2.033631
0
-48139.632813
2078.496826
-5541.598633
-0.024902
-12.01144
-2.0336
0
-48081.179688
2076.421143
-5554.150879
-0.024902
-12.111755
-2.033569
0
-48023.199219
2074.362305
-5566.697754
-0.024902
-12.2027
-2.033539
0
-47961.476563
2072.170654
-5580.162598
-0.024902
-12.298615
-2.033509
0
-47908.566406
2070.291992
-5591.797363
-0.024902
-12.394682
-2.033478
0
-47854.054688
2068.356445
-5603.872559
-0.024902
-12.482272
-2.033448
0
-47800.367188
2066.450195
-5615.854004
-0.024902
-12.572575
-2.033417
0
-47745.933594
2064.517578
-5628.090332
-0.024902
-12.66153
-2.033387
0
-47690.191406
2062.538574
-5640.712891
-0.024902
-12.751737
-2.033356
0
-47634.066406
2060.545898
-5653.517578
-0.024902
-12.84417
-2.033325
0
-47578.542969
2058.574707
-5666.280762
-0.024902
-12.937259
-2.033295
0
-47519.269531
2056.470459
-5680.005859
-0.024902
-13.029391
-2.033264
0
-47463.707031
2054.498047
-5692.972168
-0.024902
-13.12778
-2.033234
0
-47409.464844
2052.57251
-5705.722656
-0.024902
-13.220029
-2.033204
0
-47353.3125
2050.579102
-5719.015625
-0.024902
-13.310119
-2.033173
0
-47296.476563
2048.561523
-5732.567871
-0.024902
-13.40344
-2.033142
0
-47242.304688
2046.638428
-5745.57959
-0.024902
-13.497929
-2.033112
0
-47187.425781
2044.690308
-5758.824707
-0.024902
-13.561128
-2.033081
0
-47128.761719
2042.607788
-5773.000488
-0.024902
-13.576073
-2.033081
0
-47068.800781
2040.479248
-5787.48877
-0.024902
-13.576073
-2.033081
0
-47006.289063
2038.260132
-5802.59375
-0.024902
-13.576073
-2.033081
0
-46950.691406
2036.286499
-5816.02832
-0.024902
-13.576073
-2.033081
0
-46898.929688
2034.448975
-5828.536133
-0.024902
-13.576073
-2.033081
0
-46844.609375
2032.520752
-5841.661621
-0.024902
-13.576073
-2.033081
0
-46791.277344
2030.627563
-5854.548828
-0.024902
-13.576073
-2.033081
0
-46738.441406
2028.751953
-5867.31543
-0.024902
-13.576073
-2.033081
0
-46680.449219
2026.693359
-5881.328125
-0.024902
-13.576073
-2.033081
0
-46621.511719
2024.601196
-5895.569336
-0.024902
-13.576073
-2.033081
0
-46566.667969
2022.654297
-5908.821289
-0.024902
-13.576073
-2.033081
0
-46510.285156
2020.652832
-5922.445313
-0.024902
-13.576073
-2.033081
0
-46457.695313
2018.786011
-5935.152344
-0.024902
-13.576073
-2.033081
0
-46403.316406
2016.855713
-5948.291992
-0.024902
-13.576073
-2.033081
0
-46349.695313
2014.952148
-5961.249023
-0.024902
-13.576073
-2.033081
0
-46296.25
2013.05481
-5974.163574
-0.024902
-13.576073
-2.033081
0
-46239.890625
2011.054199
-5987.781738
-0.024902
-13.576073
-2.033081
0
-46183.597656
2009.055786
-6001.384277
-0.024902
-13.576073
-2.033081
0
-46126.847656
2007.04126
-6015.09668
-0.024902
-13.576073
-2.033081
0
-46071.71875
2005.084229
-6028.41748
-0.024902
-13.576073
-2.033081
0
-46015.25
2003.079712
-6042.062012
-0.024902
-13.576073
-2.033081
0
-45954.171875
2000.911499
-6056.820801
-0.024902
-13.576073
-2.033081
0
-45896.472656
1998.863159
-6070.763184
-0.024902
-13.576073
-2.033081
0
-45840.53125
1996.877319
-6084.280762
-0.024902
-13.576073
-2.033081
0
-45784.140625
1994.875488
-6097.907227
-0.024902
-13.576073
-2.033081
0
-45727.730469
1992.873047
-6111.537598
-0.024902
-13.576073
-2.033081
0
-45669.984375
1990.82312
-6125.491211
-0.024902
-13.576073
-2.033081
0
-45613.960938
1988.834473
-6139.027832
-0.024902
-13.576073
-2.033081
0
-45558.164063
1986.853638
-6152.510742
-0.024902
-13.576073
-2.033081
0
-45504.335938
1984.942871
-6165.517578
-0.024902
-13.576073
-2.033081
0
-45447.148438
1982.912842
-6179.335938
-0.024902
-13.576073
-2.033081
0
-45389.867188
1980.879395
-6193.177246
-0.024902
-13.576073
-2.033081
0
-45333.234375
1978.869019
-6206.861328
-0.024902
-13.576073
-2.033081
0
-45279.390625
1976.95752
-6219.87207
-0.024902
-13.576073
-2.033081
0
-45224.386719
1975.004883
-6233.163086
-0.024902
-13.576073
-2.033081
0
-45168.914063
1973.035645
-6246.567383
-0.024902
-13.576073
-2.033081
0
-45112.960938
1971.049438
-6260.087402
-0.024902
-13.576073
-2.033081
0
-45057.890625
1969.094482
-6273.39502
-0.024902
-13.576073
-2.033081
0
-45004.320313
1967.192749
-6286.339844
-0.024902
-13.576073
-2.033081
0
-44948.269531
1965.203125
-6299.883301
-0.024902
-13.576073
-2.033081
0
-44890.066406
1963.136963
-6313.947266
-0.024902
-13.576073
-2.033081
0
-44828.695313
1960.958374
-6328.776367
-0.024902
-13.576073
-2.033081
0
-44774.152344
1959.022217
-6341.956055
-0.024902
-13.576073
-2.033081
0
-44717.0
1956.993408
-6355.765625
-0.024902
-13.576073
-2.033081
0
-44660.679688
1954.994141
-6369.374512
-0.024902
-13.576073
-2.033081
0
-44600.132813
1952.844727
-6384.004883
-0.024902
-13.576073
-2.033081
0
-44543.726563
1950.842407
-6397.634277
-0.024902
-13.576073
-2.033081
0
-44485.890625
1948.789307
-6411.609375
-0.024902
-13.576073
-2.033081
0
-44430.1875
1946.81189
-6425.069824
-0.024902
-13.576073
-2.033081
0
-44373.535156
1944.800781
-6438.759277
-0.024902
-13.576073
-2.033081
0
-44314.820313
1942.716553
-6452.946777
-0.024902
-13.576073
-2.033081
0
-44259.433594
1940.750488
-6466.32959
-0.024902
-13.576073
-2.033081
0
-44203.414063
1938.761841
-6479.866211
-0.024902
-13.576073
-2.033081
0
-44146.898438
1936.755615
-6493.522461
-0.024902
-13.576073
-2.033081
0
-44089.332031
1934.712036
-6507.432617
-0.024902
-13.576073
-2.033081
0
-44035.625
1932.80542
-6520.410156
-0.024902
-13.576073
-2.033081
0
-43978.050781
1930.761597
-6534.322266
-0.024902
-13.576073
-2.033081
0
-43923.292969
1928.817749
-6547.553223
-0.024902
-13.576073
-2.033081
0
-43865.335938
1926.760376
-6561.557617
-0.024902
-13.576073
-2.033081
0
-43809.066406
1924.762817
-6575.154785
-0.024902
-13.576073
-2.033081
0
-43751.65625
1922.724731
-6589.027832
-0.024902
-13.576073
-2.033081
0
-43687.050781
1920.431274
-6604.63916
-0.024902
-13.576073
-2.033081
0
-43627.367188
1918.3125
-6619.061035
-0.024902
-13.576073
-2.033081
0
-43572.21875
1916.354736
-6632.386719
-0.024902
-13.576073
-2.033081
0
-43517.101563
1914.398071
-6645.705078
-0.024902
-13.576073
-2.033081
0
-43460.886719
1912.402466
-6659.288574
-0.024902
-13.576073
-2.033081
0
-43405.117188
1910.422729
-6672.76416
-0.024902
-13.576073
-2.033081
0
-43347.261719
1908.369019
-6686.743652
-0.024902
-13.576073
-2.033081
0
-43291.800781
1906.400269
-6700.144531
-0.024902
-13.576073
-2.033081
0
-43235.882813
1904.415283
-6713.65625
-0.024902
-13.576073
-2.033081
0
-43180.015625
1902.432129
-6727.155273
-0.024902
-13.576073
-2.033081
0
-43122.640625
1900.395264
-6741.019531
-0.024902
-13.576073
-2.033081
0
-43067.300781
1898.430786
-6754.391602
-0.024902
-13.576073
-2.033081
0
-43011.992188
1896.467285
-6767.756348
-0.024902
-13.576073
-2.033081
0
-42954.542969
1894.427856
-6781.638184
-0.024902
-13.576073
-2.033081
0
-42897.75
1892.411743
-6795.361816
-0.024902
-13.576073
-2.033081
0
-42839.847656
1890.356323
-6809.353027
-0.024902
-13.576073
-2.033081
0
-42783.742188
1888.364624
-6822.910156
-0.024902
-13.576073
-2.033081
0
-42725.082031
1886.282227
-6837.084961
-0.024902
-13.576073
-2.033081
0
-42667.75
1884.24707
-6850.938477
-0.024902
-13.576073
-2.033081
0
-42606.507813
1882.07312
-6865.736328
-0.024902
-13.576073
-2.033081
0
-42545.921875
1879.922363
-6880.376465
-0.024902
-13.576073
-2.033081
0
-42490.476563
1877.954102
-6893.773926
-0.024902
-13.576073
-2.033081
0
-42432.652344
1875.901367
-6907.746582
-0.024902
-13.576073
-2.033081
0
-42377.242188
1873.934448
-6921.135742
-0.024902
-13.576073
-2.033081
0
-42320.074219
1871.905029
-6934.949219
-0.024902
-13.576073
-2.033081
0
-42260.8125
1869.80127
-6949.269043
-0.024902
-13.576073
-2.033081
0
-42202.808594
1867.742188
-6963.285156
-0.024902
-13.576073
-2.033081
0
-42148.429688
1865.81189
-6976.414551
-0.024902
-13.565977
-2.033081
0
-42092.828125
1863.838013
-6989.830078
-0.024902
-13.556518
-2.033081
0
-42037.4375
1861.871704
-7003.18457
-0.024902
-13.546846
-2.033081
0
-41984.71875
1860.000244
-7015.885742
-0.024902
-13.537195
-2.033081
0
-41924.808594
1857.873535
-7030.308594
-0.024902
-13.528008
-2.033081
0
-41869.972656
1855.927002
-7043.499512
-0.024902
-13.517579
-2.033081
0
-41810.214844
1853.805664
-7057.864258
-0.024902
-13.508023
-2.033081
0
-41750.023438
1851.668945
-7072.321289
-0.024902
-13.497621
-2.033081
0
-41694.183594
1849.686768
-7085.722168
-0.024902
-13.487116
-2.033081
0
-41635.9375
1847.619141
-7099.689941
-0.024902
-13.477417
-2.033081
0
-41575.484375
1845.473145
-7114.17627
-0.024902
-13.467281
-2.033081
0
-41512.75
1843.246094
-7129.197266
-0.024902
-13.456756
-2.033081
0
-41458.121094
1841.306763
-7142.266602
-0.024902
-13.445827
-2.033081
0
-41400.394531
1839.257568
-7156.065918
-0.024902
-13.436314
-2.033081
0
-41341.375
1837.162476
-7170.169434
-0.024902
-13.432037
-2.033081
0
-41286.453125
1835.212769
-7183.290039
-0.024902
-13.427673
-2.033081
0
-41230.410156
1833.223267
-7196.674316
-0.024902
-13.423609
-2.033081
0
-41175.296875
1831.266724
-7209.83252
-0.024902
-13.419463
-2.033081
0
-41115.257813
1829.135376
-7224.131348
-0.024902
-13.388023
-2.033081
0
-41059.800781
1827.166626
-7237.188477
-0.024902
-13.240479
-2.033142
0
-41003.929688
1825.183105
-7250.185547
-0.024872
-13.087796
-2.033203
0
-40949.71875
1823.258423
-7262.626953
-0.024841
-12.917479
-2.033264
0
-40892.925781
1821.242065
-7275.48877
-0.024811
-12.752317
-2.033325
0
-40837.816406
1819.2854
-7287.794434
-0.02478
-12.579398
-2.033417
0
-40777.09375
1817.129395
-7301.142578
-0.02475
-12.389894
-2.033509
0
-40720.859375
1815.13269
-7313.258301
-0.024719
-12.15124
-2.0336
0
-40662.449219
1813.058594
-7325.607422
-0.024689
-11.930421
-2.033691
0
-40604.792969
1811.011108
-7337.556152
-0.024658
-11.701234
-2.033783
0
-40548.835938
1809.023926
-7348.922363
-0.024628
-11.475195
-2.033875
0
-40490.675781
1806.958374
-7360.487305
-0.024597
-11.239404
-2.033966
0
-40427.625
1804.718994
-7372.744629
-0.024567
-10.994569
-2.034088
0
-40372.101563
1802.746948
-7383.271973
-0.024536
-10.729332
-2.034211
0
-40315.757813
1800.745605
-7393.717285
-0.024506
-10.496006
-2.034302
0
-40260.003906
1798.765137
-7403.81543
-0.024475
-10.259401
-2.034394
0
-40206.023438
1796.847534
-7413.368652
-0.024445
-10.029934
-2.034485
0
-40149.777344
1794.849365
-7423.099609
-0.024414
-9.808903
-2.034576
0
-40089.761719
1792.717285
-7433.233887
-0.024384
-9.578739
-2.034668
0
-40030.308594
1790.60498
-7443.005371
-0.024353
-9.327422
-2.03479
0
-39973.101563
1788.572266
-7452.152832
-0.024323
-9.078639
-2.034912
0
-39915.417969
1786.522583
-7461.134766
-0.024292
-8.845033
-2.035004
0
-39855.550781
1784.395142
-7470.205078
-0.024261
-8.609644
-2.035095
0
-39795.4375
1782.259033
-7479.050293
-0.024231
-8.365506
-2.035187
0
-39738.742188
1780.244263
-7487.14502
-0.024231
-8.120514
-2.035279
0
-39683.167969
1778.269165
-7494.851074
-0.024231
-7.889613
-2.03537
0
-39627.578125
1776.293457
-7502.335938
-0.024231
-7.663397
-2.035462
0
-39571.492188
1774.300049
-7509.661621
-0.024231
-7.437229
-2.035553
0
-39512.753906
1772.21228
-7517.096191
-0.024231
-7.209168
-2.035645
0
-39454.921875
1770.156616
-7524.171387
-0.024231
-6.97046
-2.035737
0
-39395.863281
1768.057251
-7531.150391
-0.024231
-6.735536
-2.035828
0
-39337.515625
1765.983154
-7537.797852
-0.024231
-6.495755
-2.035919
0
-39268.792969
1763.540039
-7545.339844
-0.024231
-6.258973
-2.036011
0
-39208.738281
1761.405029
-7551.634766
-0.024231
-5.980227
-2.036133
0
-39151.40625
1759.366699
-7557.397949
-0.024231
-5.736758
-2.036224
0
-39095.140625
1757.366089
-7562.82373
-0.024231
-5.504422
-2.036316
0
-39037.53125
1755.317749
-7568.147461
-0.024231
-5.276519
-2.036408
0
-38975.273438
1753.104004
-7573.64502
-0.024231
-5.043241
-2.036499
0
-38915.480469
1750.977783
-7578.659668
-0.024231
-4.791227
-2.036621
0
-38858.511719
1748.951782
-7583.195313
-0.024231
-4.549315
-2.036713
0
-38799.523438
1746.854004
-7587.652832
-0.024231
-4.318879
-2.036805
0
-38741.597656
1744.793823
-7591.787598
-0.024231
-4.080355
-2.036896
0
-38680.214844
1742.610718
-7595.916992
-0.024231
-3.846189
-2.036987
0
-38620.542969
1740.488281
-7599.671387
-0.024231
-3.598143
-2.037079
0
-38562.769531
1738.433228
-7603.0625
-0.024231
-3.357086
-2.037171
0
-38504.992188
1736.378052
-7606.217773
-0.024231
-3.123746
-2.037262
0
-38450.863281
1734.452515
-7608.952637
-0.024231
-2.89044
-2.037354
0
-38390.617188
1732.309326
-7611.766113
-0.024231
-2.671908
-2.037445
0
-38333.851563
1730.289795
-7614.175293
-0.024231
-2.42874
-2.037537
0
-38271.714844
1728.079102
-7616.563477
-0.024231
-2.199649
-2.037628
0
-38213.640625
1726.012939
-7618.541016
-0.024231
-1.948912
-2.03772
0
-38151.71875
1723.809692
-7620.395996
-0.024231
-1.71463
-2.037811
0
-38092.261719
1721.69397
-7621.91748
-0.024231
-1.464836
-2.037903
0
-38036.789063
1719.720093
-7623.104492
-0.024231
-1.225035
-2.037995
0
-37977.863281
1717.623169
-7624.135254
-0.024231
-1.001312
-2.038086
0
-37918.121094
1715.496948
-7624.932129
-0.024231
-0.76367
-2.038177
0
-37855.199219
1713.257568
-7625.506836
-0.024231
-0.522769
-2.038269
0
-37791.945313
1711.006226
-7625.804199
-0.024231
-0.269041
-2.038391
0
-37735.902344
1709.011475
-7625.817871
-0.024231
-0.014009
-2.038513
0
-37677.042969
1706.916382
-7625.600098
-0.024231
0.211954
-2.038604
0
-37616.480469
1704.760498
-7625.125
-0.024231
0.449276
-2.038696
0
-37557.613281
1702.664917
-7624.412109
-0.024231
0.693469
-2.038788
0
-37502.929688
1700.71814
-7623.522949
-0.024231
0.930839
-2.038879
0
-37443.027344
1698.585571
-7622.318359
-0.024231
1.151351
-2.038971
0
-37385.445313
1696.5354
-7620.91748
-0.024231
1.392921
-2.039063
0
-37323.261719
1694.321411
-7619.152344
-0.024231
1.625168
-2.039154
0
-37261.1875
1692.111084
-7617.137207
-0.024231
1.857968
-2.039246
0
-37204.191406
1690.081543
-7615.055664
-0.024231
2.090407
-2.039337
0
-37144.988281
1687.973389
-7612.672363
-0.024231
2.30387
-2.039429
0
-37085.117188
1685.841309
-7610.047852
-0.024231
2.508414
-2.039521
0
-37018.914063
1683.483643
-7606.90625
-0.024231
2.715294
-2.039612
0
-36962.90625
1681.488892
-7604.023926
-0.024231
2.944105
-2.039704
0
-36907.960938
1679.531982
-7601.010254
-0.024231
3.137714
-2.039795
0
-36849.257813
1677.44104
-7597.594727
-0.024231
3.327675
-2.039886
0
-36790.132813
1675.335083
-7593.944336
-0.024231
3.530675
-2.039978
0
-36729.074219
1673.160156
-7589.955566
-0.024231
3.735171
-2.04007
0
-36672.136719
1671.131836
-7586.024902
-0.024231
3.946401
-2.040162
0
-36613.023438
1669.026001
-7581.739746
-0.024231
4.143432
-2.040253
0
-36554.210938
1666.930664
-7577.265137
-0.024231
4.348023
-2.040344
0
-36493.71875
1664.775391
-7572.446289
-0.024231
4.551638
-2.040436
0
-36434.019531
1662.648315
-7567.489258
-0.024231
4.743573
-2.040527
0
-36375.734375
1660.571533
-7562.479004
-0.024231
4.909874
-2.040589
0
-36312.804688
1658.329224
-7556.908691
-0.024231
5.055351
-2.040649
0
-36253.660156
1656.221802
-7551.509766
-0.024231
5.212452
-2.040711
0
-36194.808594
1654.124756
-7546.026367
-0.024231
5.319986
-2.040772
0
-36136.097656
1652.032715
-7540.445313
-0.024231
5.427009
-2.040802
0
-36078.578125
1649.983032
-7534.869141
-0.024231
5.533792
-2.040833
0
-36015.285156
1647.727661
-7528.628906
-0.024231
5.627263
-2.040863
0
-35952.511719
1645.490723
-7522.326172
-0.024231
5.730132
-2.040894
0
-35869.984375
1642.549805
-7513.953613
-0.024231
5.789521
-2.040924
0
-35801.652344
1640.114746
-7506.994629
-0.024231
5.811534
-2.040925
0
-35738.050781
1637.848267
-7500.496582
-0.024231
5.829764
-2.040924
0
-35680.039063
1635.781006
-7494.552734
-0.024231
5.84673
-2.040924
0
-35622.113281
1633.716675
-7488.601563
-0.024231
5.862207
-2.040924
0
-35562.542969
1631.59375
-7482.464844
-0.024231
5.877657
-2.040924
0
-35501.722656
1629.42627
-7476.182617
-0.024231
5.893551
-2.040924
0
-35443.441406
1627.349365
-7470.145996
-0.024231
5.90978
-2.040925
0
-35385.894531
1625.298706
-7464.169922
-0.024231
5.925332
-2.040924
0
-35327.84375
1623.22998
-7458.125488
-0.024231
5.940687
-2.040924
0
-35271.15625
1621.209839
-7452.20752
-0.024231
5.956177
-2.040925
0
-35211.800781
1619.094727
-7445.995117
-0.024231
5.971292
-2.040925
0
-35150.09375
1616.89563
-7439.519043
-0.024231
5.987139
-2.040924
0
-35090.777344
1614.78186
-7433.276855
-0.024231
6.003599
-2.040924
0
-35029.65625
1612.60376
-7426.827637
-0.024231
6.019418
-2.040924
0
-34973.25
1610.59375
-7420.859863
-0.024231
6.035736
-2.040924
0
-34914.488281
1608.499756
-7414.627441
-0.024231
6.050789
-2.040924
0
-34852.824219
1606.302368
-7408.069824
-0.024231
6.066471
-2.040924
0
-34785.359375
1603.898193
-7400.875488
-0.024231
6.082932
-2.040925
0
-34723.921875
1601.70874
-7394.304199
-0.024231
6.100936
-2.040924
0
-34666.492188
1599.662109
-7388.14502
-0.024231
6.117336
-2.040924
0
-34607.148438
1597.547363
-7381.764648
-0.024231
6.132663
-2.040924
0
-34549.515625
1595.49353
-7375.552246
-0.024231
6.148509
-2.040924
0
-34491.832031
1593.437866
-7369.318359
-0.024231
6.163883
-2.040924
0
-34433.320313
1591.352783
-7362.979492
-0.024231
6.179292
-2.040925
0
-34375.683594
1589.298828
-7356.719238
-0.024231
6.194913
-2.040925
0
-34318.558594
1587.263062
-7350.499023
-0.024231
6.210301
-2.040924
0
-34257.835938
1585.099121
-7343.870605
-0.024231
6.225553
-2.040924
0
-34200.355469
1583.050781
-7337.580078
-0.024231
6.241761
-2.040924
0
-34140.445313
1580.915894
-7331.023438
-0.024231
6.241761
-2.040924
0
-34080.121094
1578.766235
-7324.421387
-0.024231
6.241761
-2.040924
0
-34021.136719
1576.664185
-7317.96582
-0.024231
6.241761
-2.040924
0
-33962.660156
1574.580322
-7311.566406
-0.024231
6.241761
-2.040924
0
-33906.019531
1572.56189
-7305.367676
-0.024231
6.241761
-2.040924
0
-33848.953125
1570.528198
-7299.12207
-0.024231
6.241761
-2.040924
0
-33787.492188
1568.337891
-7292.395508
-0.024231
6.241761
-2.040924
0
-33726.464844
1566.163086
-7285.716309
-0.024231
6.241761
-2.040924
0
-33668.007813
1564.079956
-7279.318848
-0.024231
6.241761
-2.040924
0
-33607.132813
1561.910645
-7272.656738
-0.024231
6.241761
-2.040924
0
-33549.082031
1559.841919
-7266.303223
-0.024231
6.241761
-2.040924
0
-33487.230469
1557.637817
-7259.53418
-0.024231
6.241761
-2.040924
0
-33427.394531
1555.505615
-7252.98584
-0.024231
6.241761
-2.040924
0
-33370.257813
1553.469482
-7246.732422
-0.024231
6.241761
-2.040924
0
-33307.402344
1551.229614
-7239.853516
-0.024231
6.241761
-2.040924
0
-33245.992188
1549.04126
-7233.132813
-0.024231
6.241761
-2.040924
0
-33187.917969
1546.97168
-7226.776855
-0.024231
6.241761
-2.040924
0
-33127.761719
1544.828003
-7220.193359
-0.024231
6.241761
-2.040924
0
-33070.332031
1542.781372
-7213.908203
-0.024231
6.241761
-2.040924
0
-33011.085938
1540.670044
-7207.423828
-0.024231
6.241761
-2.040924
0
-32952.988281
1538.599731
-7201.06543
-0.024231
6.241761
-2.040924
0
-32894.722656
1536.523438
-7194.688965
-0.024231
6.241761
-2.040924
0
-32834.816406
1534.388672
-7188.132813
-0.024231
6.241761
-2.040924
0
-32776.449219
1532.308716
-7181.745117
-0.024231
6.241761
-2.040924
0
-32719.144531
1530.266602
-7175.473633
-0.024231
6.241761
-2.040924
0
-32659.611328
1528.14502
-7168.958008
-0.024231
6.241761
-2.040924
0
-32597.191406
1525.920654
-7162.126465
-0.024231
6.241761
-2.040924
0
-32537.894531
1523.807617
-7155.637207
-0.024231
6.241761
-2.040924
0
-32477.742188
1521.664063
-7149.054199
-0.024231
6.241761
-2.040924
0
-32417.21875
1519.507202
-7142.430664
-0.024231
6.241761
-2.040924
0
-32354.298828
1517.265015
-7135.544922
-0.024231
6.241761
-2.040924
0
-32296.630859
1515.209961
-7129.233398
-0.024231
6.241761
-2.040924
0
-32237.560547
1513.10498
-7122.768555
-0.024231
6.241761
-2.040924
0
-32181.285156
1511.099487
-7116.609863
-0.024231
6.241761
-2.040924
0
-32121.447266
1508.967163
-7110.061035
-0.024231
6.241761
-2.040924
0
-32065.095703
1506.958984
-7103.894043
-0.024231
6.241761
-2.040924
0
-32002.503906
1504.728516
-7097.043945
-0.024231
6.241761
-2.040924
0
-31943.65625
1502.63147
-7090.603516
-0.024231
6.241761
-2.040924
0
-31886.716797
1500.602417
-7084.37207
-0.024231
6.241761
-2.040924
0
-31824.882813
1498.398926
-7077.60498
-0.024231
6.241761
-2.040924
0
-31766.896484
1496.33252
-7071.258789
-0.024231
6.241761
-2.040924
0
-31709.058594
1494.271362
-7064.928711
-0.024231
6.241761
-2.040924
0
-31651.650391
1492.225586
-7058.645996
-0.024231
6.241761
-2.040924
0
-31590.789063
1490.056763
-7051.985352
-0.024231
6.241761
-2.040924
0
-31530.849609
1487.920776
-7045.425293
-0.024231
6.241761
-2.040924
0
-31473.419922
1485.874146
-7039.140137
-0.024231
6.241761
-2.040924
0
-31413.720703
1483.746704
-7032.606445
-0.024231
6.241761
-2.040924
0
-31353.074219
1481.585449
-7025.969238
-0.024231
6.241761
-2.040924
0
-31294.408203
1479.494873
-7019.548828
-0.024231
6.241761
-2.040924
0
-31232.152344
1477.276245
-7012.735352
-0.024231
6.241761
-2.040924
0
-31174.759766
1475.230957
-7006.454102
-0.024231
6.241761
-2.040924
0
-31114.572266
1473.086182
-6999.867188
-0.024231
6.241761
-2.040924
0
-31051.814453
1470.849731
-6992.999023
-0.024231
6.241761
-2.040924
0
-30992.880859
1468.749634
-6986.549316
-0.024231
6.241761
-2.040924
0
-30935.226563
1466.695068
-6980.239258
-0.024231
6.241761
-2.040924
0
-30874.859375
1464.543823
-6973.632324
-0.024231
6.241761
-2.040924
0
-30814.273438
1462.384766
-6967.001465
-0.024231
6.241761
-2.040924
0
-30755.21875
1460.280273
-6960.538086
-0.024231
6.241761
-2.040924
0
-30695.675781
1458.158325
-6954.021484
-0.024231
6.241761
-2.040924
0
-30635.357422
1456.008789
-6947.419922
-0.024231
6.241761
-2.040924
0
-30574.199219
1453.829346
-6940.726563
-0.024231
6.241761
-2.040924
0
-30513.847656
1451.678589
-6934.121582
-0.024231
6.241761
-2.040924
0
-30455.404297
1449.595947
-6927.725586
-0.024231
6.241761
-2.040924
0
-30397.119141
1447.518921
-6921.34668
-0.024231
6.241761
-2.040924
0
-30335.457031
1445.321533
-6914.598145
-0.024231
6.241761
-2.040924
0
-30267.835938
1442.911743
-6907.197754
-0.024231
6.241761
-2.040924
0
-30205.232422
1440.680786
-6900.346191
-0.024231
6.241761
-2.040924
0
-30133.40625
1438.121216
-6892.485352
-0.024231
6.241761
-2.040924
0
-30077.189453
1436.117798
-6886.333008
-0.024231
6.241761
-2.040924
0
-30017.582031
1433.993652
-6879.80957
-0.024231
6.241761
-2.040924
0
-29959.246094
1431.914795
-6873.425293
-0.024231
6.241761
-2.040924
0
-29902.369141
1429.887939
-6867.200684
-0.024231
6.241761
-2.040924
0
-29846.222656
1427.887085
-6861.055664
-0.024231
6.241761
-2.040924
0
-29786.070313
1425.74353
-6854.472656
-0.024231
6.241761
-2.040924
0
-29727.242188
1423.647095
-6848.03418
-0.024231
6.241761
-2.040924
0
-29664.3125
1421.404541
-6841.146973
-0.024231
6.241761
-2.040924
0
-29604.792969
1419.283447
-6834.632813
-0.024231
6.241761
-2.040924
0
-29545.201172
1417.159912
-6828.11084
-0.024231
6.241761
-2.040924
0
-29485.40625
1415.029053
-6821.566895
-0.024231
6.241761
-2.040924
0
-29426.800781
1412.940552
-6815.152832
-0.024231
6.241761
-2.040924
0
-29367.939453
1410.842896
-6808.710938
-0.024231
6.241761
-2.040924
0
-29305.205078
1408.6073
-6801.845215
-0.024231
6.241761
-2.040924
0
-29245.060547
1406.463989
-6795.199707
-0.024231
6.301163
-2.040955
0
-29186.947266
1404.392944
-6788.702148
-0.024231
6.375701
-2.040985
0
-29118.96875
1401.970337
-6781.015137
-0.024231
6.447732
-2.041016
0
-29059.78125
1399.860962
-6774.143555
-0.024231
6.617852
-2.041077
0
-28996.550781
1397.607422
-6766.611328
-0.024231
6.789057
-2.041138
0
-28936.898438
1395.481323
-6759.279297
-0.024231
7.00276
-2.041229
0
-28880.324219
1393.464844
-6752.123535
-0.024231
7.204463
-2.041321
0
-28821.158203
1391.355957
-6744.438477
-0.024231
7.395838
-2.041412
0
-28759.517578
1389.158691
-6736.212891
-0.024231
7.596065
-2.041504
0
-28701.230469
1387.080933
-6728.21875
-0.024231
7.804761
-2.041595
0
-28644.072266
1385.043335
-6720.178223
-0.024231
8.002194
-2.041687
0
-28586.070313
1382.975586
-6711.818848
-0.024231
8.195899
-2.041779
0
-28527.994141
1380.905029
-6703.245117
-0.024231
8.39256
-2.04187
0
-28471.185547
1378.879517
-6694.658691
-0.024231
8.589577
-2.041962
0
-28410.544922
1376.717285
-6685.28418
-0.024231
8.78238
-2.042053
0
-28350.033203
1374.55957
-6675.706543
-0.024231
8.98831
-2.042145
0
-28292.259766
1372.499512
-6666.349609
-0.024231
9.193913
-2.042237
0
-28233.658203
1370.40979
-6656.652344
-0.024231
9.390321
-2.042328
0
-28172.578125
1368.231567
-6646.326172
-0.024231
9.589661
-2.04242
0
-28115.011719
1366.178589
-6636.385254
-0.024231
9.791595
-2.042511
0
-28058.515625
1364.163696
-6626.435547
-0.024231
9.98202
-2.042603
0
-27993.154297
1361.83252
-6614.730469
-0.024231
10.146847
-2.042663
0
-27934.4375
1359.738281
-6604.040527
-0.024231
10.311966
-2.042725
0
-27875.369141
1357.63147
-6593.183594
-0.024231
10.408484
-2.042755
0
-27815.722656
1355.503906
-6582.134277
-0.024231
10.48824
-2.042786
0
-27760.433594
1353.531738
-6571.812012
-0.024231
10.568795
-2.042816
0
-27703.089844
1351.486328
-6561.02832
-0.024231
10.643483
-2.042846
0
-27640.625
1349.258179
-6549.194336
-0.024231
10.720964
-2.042877
0
-27583.150391
1347.208008
-6538.237305
-0.024231
10.786985
-2.042908
0
-27525.375
1345.147095
-6527.15918
-0.024231
10.84774
-2.042938
0
-27466.708984
1343.054321
-6515.845215
-0.024231
10.908829
-2.042969
0
-27402.556641
1340.765869
-6503.400879
-0.024231
10.970875
-2.043
0
-27339.552734
1338.518311
-6491.102051
-0.024231
11.038739
-2.04303
0
-27275.5
1336.233276
-6478.520996
-0.024231
11.105402
-2.04306
0
-27205.525391
1333.736938
-6464.690918
-0.024231
11.173192
-2.043091
0
-27145.917969
1331.610474
-6452.82959
-0.024231
11.247265
-2.043121
0
-27086.236328
1329.481323
-6440.885254
-0.024231
11.310376
-2.043152
0
-27029.066406
1327.441772
-6429.37793
-0.024231
11.373583
-2.043183
0
-26966.015625
1325.192383
-6416.617188
-0.024231
11.434139
-2.043213
0
-26905.304688
1323.026489
-6404.256348
-0.024231
11.500938
-2.043243
0
-26848.8125
1321.010986
-6392.688477
-0.024231
11.565279
-2.043274
0
-26790.816406
1318.941895
-6380.749512
-0.024231
11.625159
-2.043305
0
-26731.525391
1316.826538
-6368.477539
-0.024231
11.686651
-2.043335
0
-26671.210938
1314.674561
-6355.924805
-0.024231
11.749523
-2.043365
0
-26610.287109
1312.500854
-6343.174316
-0.024231
11.813501
-2.043396
0
-26551.349609
1310.397949
-6330.769531
-0.024231
11.878136
-2.043427
0
-26495.957031
1308.421509
-6319.047852
-0.024231
11.94068
-2.043457
0
-26440.068359
1306.427368
-6307.161621
-0.024231
11.999467
-2.043488
0
-26382.361328
1304.368286
-6294.825684
-0.024231
12.058807
-2.043518
0
-26318.496094
1302.089478
-6281.12207
-0.024231
12.102951
-2.043549
0
-26257.625
1299.91748
-6268.006836
-0.024231
12.151814
-2.04358
0
-26200.082031
1297.864258
-6255.55957
-0.024231
12.198403
-2.04361
0
-26142.791016
1295.819946
-6243.120605
-0.024231
12.242451
-2.04364
0
-26080.386719
1293.59314
-6229.521484
-0.024231
12.286301
-2.043671
0
-26024.847656
1291.611206
-6217.369629
-0.024231
12.334091
-2.043701
0
-25961.357422
1289.345581
-6203.428711
-0.024231
12.376623
-2.043732
0
-25904.166016
1287.304688
-6190.859375
-0.024231
12.387627
-2.043732
0
-25838.646484
1284.966675
-6176.459473
-0.024231
12.387627
-2.043732
0
-25774.429688
1282.675049
-6162.345703
-0.024231
12.387627
-2.043732
0
-25718.953125
1280.695313
-6150.15332
-0.024231
12.387627
-2.043732
0
-25673.263672
1279.064941
-6140.111816
-0.024231
12.387627
-2.043732
0
-25634.451172
1277.679932
-6131.581543
-0.024231
12.387627
-2.043732
0
-25597.882813
1276.375
-6123.544434
-0.024231
12.387627
-2.043732
0
-25561.1875
1275.065552
-6115.479492
-0.024231
12.387627
-2.043732
0
-25522.390625
1273.681152
-6106.953125
-0.024231
12.387627
-2.043732
0
-25481.322266
1272.215576
-6097.927246
-0.024231
12.387627
-2.043732
0
-25441.158203
1270.782349
-6089.100098
-0.024231
12.387627
-2.043732
0
-25399.957031
1269.312134
-6080.044922
-0.024231
12.387627
-2.043732
0
-25358.224609
1267.822876
-6070.873047
-0.024231
12.387627
-2.043732
0
-25319.466797
1266.439819
-6062.35498
-0.024231
12.387627
-2.043732
0
-25277.087891
1264.92749
-6053.041016
-0.024231
12.387627
-2.043732
0
-25220.591797
1262.911377
-6040.624512
-0.024231
12.387627
-2.043732
0
-25161.457031
1260.801147
-6027.62793
-0.024231
12.387627
-2.043732
0
-25100.699219
1258.633057
-6014.274902
-0.024231
12.387627
-2.043732
0
-25034.103516
1256.256592
-5999.638672
-0.024231
12.387627
-2.043732
0
-24971.421875
1254.019775
-5985.862793
-0.024231
12.387627
-2.043732
0
-24903.113281
1251.582153
-5970.850098
-0.024231
12.387627
-2.043732
0
-24834.744141
1249.142456
-5955.824219
-0.024231
12.387627
-2.043732
0
-24763.84375
1246.612427
-5940.241699
-0.024231
12.387627
-2.043732
0
-24692.904297
1244.080933
-5924.650879
-0.024231
12.387627
-2.043732
0
-24624.427734
1241.637329
-5909.601563
-0.024231
12.387627
-2.043732
0
-24552.048828
1239.054443
-5893.694336
-0.024231
12.387627
-2.043732
0
-24484.638672
1236.648926
-5878.878906
-0.024231
12.387627
-2.043732
0
-24420.044922
1234.343872
-5864.682617
-0.024231
12.387627
-2.043732
0
-24353.025391
1231.952271
-5849.953125
-0.024231
12.387627
-2.043732
0
-24285.923828
1229.557739
-5835.205566
-0.024231
12.387627
-2.043732
0
-24221.126953
1227.245483
-5820.964844
-0.024231
12.387627
-2.043732
0
-24155.119141
1224.890015
-5806.45752
-0.024231
12.387627
-2.043732
0
-24090.310547
1222.577271
-5792.213867
-0.024231
12.387627
-2.043732
0
-24022.535156
1220.158691
-5777.318359
-0.024231
12.387627
-2.043732
0
-23956.146484
1217.789551
-5762.727539
-0.024231
12.387627
-2.043732
0
-23887.541016
1215.341309
-5747.649414
-0.024231
12.387627
-2.043732
0
-23823.013672
1213.038696
-5733.467773
-0.024231
12.387627
-2.043732
0
-23757.152344
1210.688477
-5718.993164
-0.024231
12.387627
-2.043732
0
-23684.148438
1208.083374
-5702.94873
-0.024231
12.387627
-2.043732
0
-23620.1875
1205.800903
-5688.891602
-0.024231
12.387627
-2.043732
0
-23554.099609
1203.442627
-5674.367188
-0.024231
12.387627
-2.043732
0
-23489.464844
1201.136108
-5660.162109
-0.024231
12.387627
-2.043732
0
-23426.230469
1198.879517
-5646.264648
-0.024231
12.387627
-2.043732
0
-23361.945313
1196.585449
-5632.13623
-0.024231
12.387627
-2.043732
0
-23294.041016
1194.162354
-5617.212402
-0.024231
12.387627
-2.043732
0
-23226.570313
1191.754639
-5602.383789
-0.024231
12.387627
-2.043732
0
-23161.572266
1189.435181
-5588.098633
-0.024231
12.387627
-2.043732
0
-23104.335938
1187.3927
-5575.519531
-0.024231
12.387627
-2.043732
0
-23051.455078
1185.505615
-5563.897461
-0.024231
12.387627
-2.043732
0
-23007.923828
1183.952148
-5554.330078
-0.024231
12.387627
-2.043732
0
-22975.326172
1182.788818
-5547.165527
-0.024231
12.387627
-2.043732
0
-22950.771484
1181.912598
-5541.769043
-0.024231
12.387627
-2.043732
0
-22939.191406
1181.49939
-5539.223633
-0.024231
12.387627
-2.043732
