CloudWH
800
100
CloudWH
saf
-48934.625
-1264.297852
21185.0
0.0
0.0
4.380533
-1019.859863
300.168488
-6487.950195
saf
0
-49198.058594
-1362.440674
20702.185547
0.000066
-30.61503
6.005738
0
-49146.707031
-1357.038086
20671.628906
0.000066
-30.61503
6.005738
0
-49095.355469
-1351.635498
20641.072266
0.000066
-30.61503
6.005738
0
-49044.003906
-1346.23291
20610.515625
0.000066
-30.61503
6.005738
0
-48992.652344
-1340.830322
20579.958984
0.000066
-30.61503
6.005738
0
-48941.300781
-1335.427734
20549.402344
0.000066
-30.61503
6.005738
0
-48889.949219
-1330.025146
20518.845703
0.000066
-30.61503
6.005738
0
-48838.597656
-1324.622559
20488.289063
0.000066
-30.61503
6.005738
0
-48787.246094
-1319.219971
20457.732422
0.000066
-30.61503
6.005738
0
-48735.910156
-1313.850708
20427.144531
0.000066
-30.650055
5.97075
0
-48684.574219
-1308.481445
20396.556641
0.000066
-30.650055
5.97075
0
-48633.273438
-1303.116089
20365.904297
0.000066
-30.721601
5.970754
0
-48582.011719
-1297.754761
20335.1875
0.000066
-30.794159
5.970757
0
-48530.769531
-1292.395508
20304.4375
0.000066
-30.830427
5.970761
0
-48479.566406
-1287.040283
20273.623047
0.000065
-30.902985
5.970767
0
-48428.382813
-1281.687256
20242.771484
0.000066
-30.942709
5.97077
0
-48377.21875
-1276.336304
20211.888672
0.000066
-30.978964
5.970775
0
-48326.054688
-1270.985352
20181.005859
0.000066
-30.978964
5.970775
0
-48274.890625
-1265.634399
20150.123047
0.000066
-30.978964
5.970775
0
-48223.726563
-1260.283447
20119.240234
0.000066
-30.978964
5.970775
0
-48172.5625
-1254.932495
20088.357422
0.000066
-30.978964
5.970775
0
-48121.398438
-1249.581543
20057.474609
0.000066
-30.978964
5.970775
0
-48070.234375
-1244.230591
20026.591797
0.000066
-30.978964
5.970775
0
-48019.070313
-1238.879639
19995.708984
0.000066
-30.978964
5.970775
0
-47967.941406
-1233.563843
19964.763672
0.000066
-31.048973
5.935784
0
-47916.828125
-1228.282349
19933.785156
0.000067
-31.085228
5.899526
0
-47865.753906
-1223.004883
19902.742188
0.000067
-31.15773
5.899531
0
-47814.75
-1217.734619
19871.583984
0.000067
-31.285713
5.899534
0
-47763.785156
-1212.468384
19840.361328
0.000067
-31.358442
5.899539
0
-47712.859375
-1207.206299
19809.072266
0.000067
-31.432037
5.899544
0
-47661.972656
-1201.948242
19777.71875
0.000067
-31.50458
5.899548
0
-47611.128906
-1196.69458
19746.294922
0.000067
-31.583025
5.899554
0
-47560.304688
-1191.473999
19714.837891
0.000067
-31.619287
5.864565
0
-47509.480469
-1186.253418
19683.380859
0.000067
-31.619287
5.864565
0
-47458.675781
-1181.03479
19651.892578
0.000067
-31.654285
5.864568
0
-47407.890625
-1175.818604
19620.367188
0.000067
-31.69685
5.864572
0
-47357.148438
-1170.606445
19588.777344
0.000068
-31.769516
5.864578
0
-47306.445313
-1165.39856
19557.119141
0.000068
-31.845093
5.86458
0
-47255.761719
-1160.192749
19525.429688
0.000068
-31.881348
5.864585
0
-47205.128906
-1154.991943
19493.660156
0.000068
-31.970072
5.864588
0
-47154.515625
-1149.793213
19461.859375
0.000068
-32.006348
5.864591
0
-47103.921875
-1144.629028
19430.023438
0.000069
-32.045834
5.828071
0
-47053.328125
-1139.464844
19398.1875
0.000069
-32.045834
5.828071
0
-47002.75
-1134.334961
19366.318359
0.000069
-32.082333
5.791537
0
-46952.210938
-1129.209106
19334.386719
0.000069
-32.154827
5.791544
0
-46901.671875
-1124.083252
19302.455078
0.000069
-32.154827
5.791544
0
-46851.15625
-1118.959473
19270.490234
0.000069
-32.191109
5.791548
0
-46800.683594
-1113.839966
19238.457031
0.000069
-32.268497
5.791552
0
-46750.285156
-1108.790283
19206.294922
0.000069
-32.413578
5.721564
0
-46699.976563
-1103.749512
19173.992188
0.00007
-32.573124
5.721568
0
-46649.757813
-1098.751343
19141.541016
0.00007
-32.7421
5.683805
0
-46599.582031
-1093.757324
19109.023438
0.00007
-32.816151
5.683809
0
-46549.488281
-1088.771484
19076.378906
0.00007
-32.961239
5.683815
0
-46499.429688
-1083.820313
19043.669922
0.00007
-33.033813
5.648812
0
-46449.371094
-1078.869141
19010.960938
0.00007
-33.033813
5.648812
0
-46399.355469
-1073.921875
18978.191406
0.00007
-33.103817
5.648816
0
-46349.339844
-1068.974609
18945.421875
0.00007
-33.103817
5.648816
0
-46299.34375
-1064.029419
18912.621094
0.00007
-33.138821
5.648818
0
-46249.367188
-1059.118652
18879.785156
0.000071
-33.179108
5.611935
0
-46199.445313
-1054.248901
18846.861328
0.000071
-33.280594
5.571347
0
-46149.542969
-1049.381226
18813.904297
0.000071
-33.316887
5.571351
0
-46099.746094
-1044.523682
18780.789063
0.000071
-33.49839
5.571356
0
-46050.0625
-1039.677124
18747.503906
0.000071
-33.69434
5.571359
0
-46000.488281
-1034.841431
18714.050781
0.000071
-33.886387
5.571363
0
-45951.035156
-1030.050171
18680.416016
0.000071
-34.09621
5.533733
0
-45901.667969
-1025.300415
18646.648438
0.000072
-34.24873
5.495606
0
-45852.324219
-1020.552795
18612.847656
0.000072
-34.28746
5.49561
0
-45803.019531
-1015.809326
18578.984375
0.000072
-34.360062
5.49561
0
-45753.738281
-1011.067932
18545.089844
0.000072
-34.396877
5.495615
0
-45704.480469
-1006.328674
18511.162109
0.000073
-34.434757
5.495616
0
-45655.246094
-1001.591614
18477.201172
0.000073
-34.473724
5.495619
0
-45606.011719
-996.854553
18443.240234
0.000073
-34.473724
5.495619
0
-45556.816406
-992.12146
18409.21875
0.000073
-34.543732
5.495623
0
-45507.652344
-987.422607
18375.146484
0.000073
-34.601543
5.459564
0
-45458.585938
-982.732971
18340.935547
0.000073
-34.763985
5.459567
0
-45409.585938
-978.049683
18306.626953
0.000073
-34.875393
5.45957
0
-45360.628906
-973.370483
18272.257813
0.000073
-34.947998
5.459574
0
-45311.738281
-968.697571
18237.792969
0.000073
-35.057999
5.459576
0
-45262.898438
-964.029541
18203.255859
0.000073
-35.142853
5.459581
0
-45214.058594
-959.361511
18168.71875
0.000073
-35.142853
5.459581
0
-45165.238281
-954.695557
18134.150391
0.000073
-35.178944
5.459583
0
-45116.417969
-950.029602
18099.582031
0.000073
-35.178944
5.459583
0
-45067.640625
-945.433594
18064.949219
0.000073
-35.25592
5.382633
0
-45018.886719
-940.839722
18030.283203
0.000073
-35.29425
5.382635
0
-44970.15625
-936.248108
17995.582031
0.000074
-35.333977
5.382639
0
-44921.496094
-931.663086
17960.783203
0.000074
-35.449493
5.382642
0
-44872.902344
-927.08429
17925.890625
0.000074
-35.559357
5.382645
0
-44824.40625
-922.514832
17890.859375
0.000074
-35.722668
5.382649
0
-44776.007813
-917.95459
17855.691406
0.000074
-35.882904
5.382653
0
-44727.703125
-913.403198
17820.394531
0.000074
-36.035839
5.382654
0
-44679.453125
-908.856873
17785.023438
0.000074
-36.123825
5.382659
0
-44631.269531
-904.347107
17749.556641
0.000075
-36.236942
5.34699
0
-44583.132813
-899.841614
17714.025391
0.000075
-36.311401
5.346992
0
-44535.019531
-895.338501
17678.460938
0.000075
-36.352448
5.346997
0
-44486.953125
-890.8396
17642.833984
0.000075
-36.425369
5.346999
0
-44438.90625
-886.372192
17607.177734
0.000076
-36.461792
5.311955
0
-44390.90625
-881.909302
17571.455078
0.000076
-36.539917
5.311958
0
-44342.980469
-877.453308
17535.630859
0.000076
-36.659252
5.311959
0
-44295.152344
-873.006531
17499.673828
0.000076
-36.817474
5.311962
0
-44247.4375
-868.570313
17463.566406
0.000076
-36.99894
5.311964
0
-44199.839844
-864.144653
17427.306641
0.000076
-37.180401
5.311969
0
-44152.351563
-859.729248
17390.902344
0.000076
-37.354473
5.311972
0
-44104.960938
-855.322815
17354.371094
0.000077
-37.506836
5.311975
0
-44057.59375
-850.91864
17317.808594
0.000077
-37.545044
5.311977
0
-44010.277344
-846.519226
17281.177734
0.000077
-37.625912
5.311979
0
-43962.984375
-842.154175
17244.511719
0.000077
-37.669819
5.273489
0
-43915.691406
-837.789124
17207.845703
0.000077
-37.669819
5.273489
0
-43868.421875
-833.426147
17171.150391
0.000077
-37.704933
5.273492
0
-43821.152344
-829.063171
17134.455078
0.000077
-37.704933
5.273492
0
-43773.953125
-824.706726
17097.667969
0.000078
-37.815605
5.273493
0
-43726.804688
-820.354797
17060.818359
0.000078
-37.891949
5.273493
0
-43679.679688
-816.005188
17023.935547
0.000078
-37.931992
5.273496
0
-43632.652344
-811.725464
16986.919922
0.000078
-38.092339
5.199934
0
-43585.667969
-807.449463
16949.851563
0.000078
-38.155243
5.199937
0
-43538.707031
-803.175659
16912.751953
0.000078
-38.193081
5.199938
0
-43491.769531
-798.904053
16875.623047
0.000078
-38.230515
5.199942
0
-43444.832031
-794.632446
16838.494141
0.000078
-38.230515
5.199942
0
-43397.894531
-790.36084
16801.365234
0.000078
-38.230515
5.199942
0
-43350.957031
-786.089233
16764.236328
0.000078
-38.230515
5.199942
0
-43304.019531
-781.817627
16727.107422
0.000078
-38.230515
5.199942
0
-43257.082031
-777.546021
16689.978516
0.000078
-38.230515
5.199942
0
-43210.167969
-773.276672
16652.816406
0.000078
-38.269115
5.199945
0
-43163.300781
-769.011597
16615.595703
0.000079
-38.341721
5.199947
0
-43116.476563
-764.750183
16578.324219
0.000079
-38.40369
5.19995
0
-43069.730469
-760.49585
16540.953125
0.000079
-38.524158
5.199954
0
-43023.03125
-756.246094
16503.519531
0.000079
-38.600803
5.199957
0
-42976.40625
-752.002747
16465.996094
0.000079
-38.709717
5.199958
0
-42929.804688
-747.761597
16428.443359
0.000079
-38.746037
5.19996
0
-42883.226563
-743.522827
16390.857422
0.000079
-38.786972
5.199964
0
-42836.648438
-739.284058
16353.271484
0.000079
-38.786972
5.199964
0
-42790.070313
-735.045288
16315.685547
0.000079
-38.786972
5.199964
0
-42743.539063
-730.81073
16278.042969
0.000079
-38.856941
5.199967
0
-42697.035156
-726.578735
16240.365234
0.00008
-38.900215
5.199969
0
-42650.53125
-722.346741
16202.6875
0.00008
-38.900215
5.199969
0
-42604.078125
-718.119141
16164.949219
0.00008
-38.97451
5.199969
0
-42557.734375
-713.901489
16127.075195
0.00008
-39.140903
5.199973
0
-42511.449219
-709.689209
16089.128906
0.00008
-39.22974
5.199976
0
-42465.265625
-705.486145
16051.058594
0.00008
-39.383198
5.199978
0
-42419.183594
-701.292419
16012.863281
0.00008
-39.538425
5.199978
0
-42373.128906
-697.101257
15974.632813
0.00008
-39.581192
5.199984
0
-42327.101563
-692.912476
15936.371094
0.00008
-39.620209
5.199986
0
-42281.148438
-688.730286
15898.021484
0.00008
-39.72905
5.199989
0
-42235.195313
-684.548096
15859.671875
0.00008
-39.72905
5.199989
0
-42189.265625
-680.368225
15821.291016
0.00008
-39.767467
5.199992
0
-42143.335938
-676.188354
15782.910156
0.00008
-39.767467
5.199992
0
-42097.457031
-672.012939
15744.470703
0.00008
-39.840858
5.199996
0
-42051.648438
-667.844177
15705.943359
0.000079
-39.949738
5.199997
0
-42005.949219
-663.685242
15667.287109
0.00008
-40.110794
5.200001
0
-41960.324219
-659.532959
15628.543945
0.00008
-40.219681
5.200003
0
-41914.777344
-655.387756
15589.708008
0.00008
-40.335312
5.200007
0
-41869.328125
-651.251526
15550.755859
0.00008
-40.481079
5.200008
0
-41823.9375
-647.12085
15511.732422
0.00008
-40.570534
5.200013
0
-41778.628906
-642.997498
15472.615234
0.00008
-40.689404
5.200014
0
-41733.347656
-638.876587
15433.46582
0.00008
-40.729465
5.200017
0
-41688.097656
-634.758362
15394.282227
0.000079
-40.772694
5.200021
0
-41642.847656
-630.640137
15355.098633
0.000079
-40.772694
5.200021
0
-41597.621094
-626.524109
15315.887695
0.00008
-40.807697
5.200024
0
-41552.394531
-622.408081
15276.676758
0.00008
-40.807697
5.200024
0
-41507.246094
-618.299194
15237.375
0.00008
-40.92247
5.200027
0
-41462.097656
-614.190308
15198.073242
0.00008
-40.92247
5.200027
0
-41416.972656
-610.083557
15158.743164
0.00008
-40.957516
5.200029
0
-41371.875
-605.979248
15119.381836
0.00008
-40.996639
5.200033
0
-41326.832031
-601.879883
15079.958008
0.00008
-41.075706
5.200036
0
-41281.816406
-597.783142
15040.500977
0.00008
-41.118496
5.200039
0
-41236.828125
-593.688721
15001.015625
0.00008
-41.15485
5.200042
0
-41191.839844
-589.594299
14961.530273
0.00008
-41.15485
5.200042
0
-41146.875
-585.502197
14922.014648
0.00008
-41.192566
5.200043
0
-41101.96875
-581.415466
14882.431641
0.00008
-41.278282
5.200047
0
-41057.09375
-577.331604
14842.8125
0.00008
-41.32412
5.200048
0
-41012.296875
-573.254578
14803.107422
0.00008
-41.43301
5.200053
0
-40967.554688
-569.1828
14763.336914
0.00008
-41.516438
5.200054
0
-40922.894531
-565.118408
14723.474609
0.000081
-41.633564
5.200056
0
-40878.316406
-561.061584
14683.518555
0.00008
-41.753448
5.200062
0
-40833.796875
-557.009888
14643.5
0.000081
-41.834686
5.200064
0
-40789.347656
-552.964478
14603.40332
0.000081
-41.934639
5.200068
0
-40744.980469
-548.926575
14563.214844
0.000081
-42.051987
5.200071
0
-40700.644531
-544.891479
14522.992188
0.000081
-42.096466
5.200071
0
-40656.335938
-540.859009
14482.737305
0.000081
-42.137573
5.200076
0
-40612.109375
-536.834045
14442.390625
0.000081
-42.255959
5.200079
0
-40567.910156
-532.811707
14402.012695
0.000081
-42.296494
5.200081
0
-40523.800781
-528.768555
14361.539063
0.000081
-42.419907
5.237344
0
-40479.78125
-524.671631
14320.972656
0.000081
-42.539978
5.317388
0
-40435.894531
-520.488037
14280.275391
0.000081
-42.710339
5.445179
0
-40392.039063
-516.274597
14239.544922
0.000081
-42.753056
5.487923
0
-40348.304688
-512.010254
14198.689453
0.000082
-42.915329
5.569075
0
-40304.628906
-507.69458
14157.777344
0.000083
-42.989353
5.643119
0
-40260.984375
-503.352295
14116.835938
0.000083
-43.027805
5.681618
0
-40217.371094
-498.979767
14075.861328
0.000083
-43.071579
5.7254
0
-40173.796875
-494.575043
14034.850586
0.000083
-43.118294
5.77213
0
-40130.261719
-490.13736
13993.803711
0.000083
-43.166252
5.820066
0
-40086.789063
-485.616852
13952.697266
0.000084
-43.243958
5.936644
0
-40043.382813
-481.012512
13911.530273
0.000085
-43.322865
6.055029
0
-40000.019531
-476.312195
13870.330078
0.000085
-43.366554
6.186207
0
-39956.726563
-471.507721
13829.066406
0.000084
-43.450195
6.332601
0
-39913.480469
-466.599365
13787.766602
0.000085
-43.497734
6.475216
0
-39870.324219
-461.590485
13746.384766
0.000085
-43.606628
6.620427
0
-39827.210938
-456.515808
13704.967773
0.000086
-43.65287
6.712969
0
-39784.136719
-451.348297
13663.518555
0.000086
-43.695629
6.841249
0
-39741.066406
-446.150421
13622.069336
0.000086
-43.695648
6.881673
0
-39698.066406
-440.85321
13580.55957
0.000086
-43.775448
7.023236
0
-39655.066406
-435.556
13539.049805
0.000086
-43.775448
7.023236
0
-39612.101563
-430.20636
13497.511719
0.000085
-43.812595
7.097507
0
-39569.175781
-424.798828
13455.942383
0.000084
-43.853664
7.179692
0
-39526.292969
-419.27655
13414.34375
0.000084
-43.893192
7.337776
0
-39483.484375
-413.666779
13372.680664
0.000084
-43.978268
7.465424
0
-39440.789063
-407.885437
13330.924805
0.000084
-44.101112
7.711199
0
-39398.199219
-401.990875
13289.074219
0.000085
-44.227779
7.880131
0
-39355.695313
-395.942322
13247.157227
0.000086
-44.315525
8.099535
0
-39313.257813
-389.844208
13205.182617
0.000086
-44.393188
8.177264
0
-39270.871094
-383.644043
13163.171875
0.000087
-44.441406
8.32197
0
-39228.523438
-377.386627
13121.129883
0.000087
-44.483112
8.405394
0
-39186.179688
-371.097809
13079.087891
0.000088
-44.483112
8.447924
0
-39143.835938
-364.80899
13037.045898
0.000088
-44.483112
8.447924
0
-39101.527344
-358.468781
12994.975586
0.000088
-44.520618
8.522961
0
-39059.253906
-352.101563
12952.874023
0.00009
-44.563499
8.565904
0
-39016.988281
-345.699188
12910.772461
0.00009
-44.563507
8.613574
0
-38974.753906
-339.246796
12868.644531
0.00009
-44.598652
8.686671
0
-38932.558594
-332.742126
12826.487305
0.00009
-44.637024
8.76342
0
-38890.386719
-326.181976
12784.316406
0.00009
-44.656612
8.84179
0
-38848.257813
-319.533722
12742.113281
0.000092
-44.698692
8.968073
0
-38806.167969
-312.858429
12699.87793
0.000094
-44.742268
9.011686
0
-38764.078125
-306.183136
12657.642578
0.000094
-44.742268
9.011686
0
-38721.988281
-299.507843
12615.407227
0.000094
-44.742268
9.011686
0
-38679.898438
-292.83255
12573.171875
0.000094
-44.742268
9.011686
0
-38637.839844
-286.133789
12530.908203
0.000094
-44.780128
9.049589
0
-38595.78125
-279.435028
12488.644531
0.000094
-44.780128
9.049589
0
-38553.730469
-272.680328
12446.380859
0.000094
-44.78014
9.12583
0
-38511.738281
-265.891693
12404.064453
0.000094
-44.852211
9.18363
0
-38469.761719
-259.009766
12361.748047
0.000096
-44.852196
9.310946
0
-38427.859375
-252.06163
12319.369141
0.000095
-44.936096
9.415187
0
-38386.019531
-244.994293
12276.947266
0.000096
-44.993633
9.587921
0
-38344.179688
-237.926956
12234.525391
0.000096
-44.993633
9.587921
0
-38302.34375
-230.833542
12192.103516
0.000096
-44.993633
9.623645
0
-38260.507813
-223.740128
12149.681641
0.000096
-44.993633
9.623645
0
-38218.671875
-216.646713
12107.259766
0.000096
-44.993633
9.623645
0
-38176.871094
-209.530334
12064.80957
0.000096
-45.031513
9.661551
0
-38135.082031
-202.348206
12022.359375
0.000096
-45.031509
9.75168
0
-38093.339844
-195.062073
11979.878906
0.000096
-45.072571
9.901475
0
-38051.710938
-187.570496
11937.325195
0.000097
-45.172611
10.201653
0
-38010.132813
-179.969376
11894.742188
0.000098
-45.21209
10.359735
0
-37968.621094
-172.186035
11852.126953
0.000096
-45.255299
10.619091
0
-37927.1875
-164.321854
11809.449219
0.000097
-45.340557
10.747035
0
-37885.777344
-156.333389
11766.771484
0.000094
-45.340549
10.918929
0
-37844.386719
-148.254135
11724.09375
0.000095
-45.340557
11.04458
0
-37803.0
-140.141708
11681.416016
0.000094
-45.340549
11.090517
0
-37761.660156
-131.943802
11638.710938
0.000092
-45.378201
11.216419
0
-37720.328125
-123.711792
11596.005859
0.000092
-45.378193
11.263703
0
-37679.042969
-115.385956
11553.271484
0.000092
-45.417595
11.401848
0
-37637.78125
-106.944633
11510.537109
0.000092
-45.417576
11.562154
0
-37596.574219
-98.373108
11467.776367
0.000092
-45.453217
11.750548
0
-37555.394531
-89.665489
11425.015625
0.000092
-45.453182
11.939834
0
-37514.304688
-80.811478
11382.198242
0.000094
-45.530357
12.160507
0
-37473.238281
-71.857216
11339.380859
0.000093
-45.530361
12.300336
0
-37432.183594
-62.846481
11296.563477
0.000094
-45.530365
12.379137
0
-37391.140625
-53.77998
11253.746094
0.000094
-45.530346
12.45697
0
-37350.097656
-44.713478
11210.928711
0.000094
-45.530346
12.45697
0
-37309.0625
-35.621635
11168.111328
0.000094
-45.530323
12.492343
0
-37268.035156
-26.481825
11125.293945
0.000094
-45.530296
12.559322
0
-37227.023438
-17.284122
11082.476563
0.000094
-45.530319
12.640185
0
-37186.039063
-7.960511
11039.65918
0.000094
-45.530319
12.816149
0
-37145.085938
1.50765
10996.841797
0.000093
-45.530296
13.018308
0
-37104.164063
11.107805
10954.024414
0.000094
-45.530323
13.203047
0
-37063.28125
20.863886
10911.207031
0.000093
-45.530312
13.421466
0
-37022.414063
30.684986
10868.389648
0.000093
-45.530323
13.512609
0
-36981.558594
40.559387
10825.572266
0.000093
-45.530323
13.587347
0
-36940.710938
50.460426
10782.754883
0.000091
-45.530312
13.624708
0
-36899.863281
60.361465
10739.9375
0.000091
-45.530312
13.624708
0
-36859.019531
70.289917
10697.120117
0.000091
-45.530312
13.663155
0
-36818.175781
80.218369
10654.302734
0.000091
-45.530312
13.663155
0
-36777.351563
90.221954
10611.485352
0.000091
-45.530319
13.768575
0
-36736.5625
100.359772
10568.667969
0.00009
-45.530304
13.957041
0
-36695.804688
110.637436
10525.850586
0.000091
-45.530296
14.153554
0
-36655.113281
121.059059
10483.005859
0.00009
-45.568165
14.365912
0
-36614.46875
131.593704
10440.145508
0.000093
-45.588734
14.530562
0
-36573.851563
142.229645
10397.285156
0.000092
-45.588722
14.67338
0
-36533.25
152.929962
10354.424805
0.000093
-45.58873
14.764213
0
-36492.664063
163.697845
10311.564453
0.000092
-45.588741
14.859594
0
-36452.078125
174.465729
10268.704102
0.000092
-45.588741
14.859594
0
-36411.507813
185.284744
10225.84375
0.000093
-45.588722
14.93179
0
-36370.945313
196.131729
10182.983398
0.000094
-45.588734
14.971294
0
-36330.40625
207.067108
10140.123047
0.000094
-45.588741
15.096196
0
-36289.914063
218.181137
10097.262695
0.000093
-45.588722
15.348816
0
-36249.480469
229.50589
10054.402344
0.000095
-45.588734
15.647218
0
-36209.101563
241.022583
10011.541992
0.000096
-45.588722
15.919394
0
-36168.796875
252.799362
9968.681641
0.000095
-45.58873
16.28878
0
-36128.554688
264.781097
9925.821289
0.000096
-45.58873
16.580364
0
-36088.355469
276.9021
9882.960938
0.000096
-45.588722
16.778757
0
-36048.1875
289.126953
9840.100586
0.000096
-45.58873
16.926834
0
-36008.039063
301.417389
9797.240234
0.000095
-45.588741
17.020386
0
-35967.910156
313.772736
9754.379883
0.000095
-45.58873
17.113037
0
-35927.78125
326.128082
9711.519531
0.000095
-45.58873
17.113037
0
-35887.660156
338.509888
9668.65918
0.000097
-45.588734
17.150848
0
-35847.558594
350.956848
9625.798828
0.000096
-45.588722
17.243904
0
-35807.492188
363.512756
9582.938477
0.000095
-45.588741
17.399645
0
-35767.445313
376.129517
9540.078125
0.000096
-45.588722
17.486649
0
-35727.46875
388.879089
9497.189453
0.000095
-45.62772
17.689501
0
-35687.523438
401.717224
9454.300781
0.000096
-45.62772
17.816433
0
-35647.59375
414.613373
9411.412109
0.000096
-45.627728
17.899689
0
-35607.664063
427.509521
9368.523438
0.000096
-45.627728
17.899689
0
-35567.734375
440.40567
9325.634766
0.000096
-45.627728
17.899689
0
-35527.804688
453.301819
9282.746094
0.000096
-45.627728
17.899689
0
-35487.875
466.197968
9239.857422
0.000096
-45.627728
17.899689
0
-35447.945313
479.094116
9196.96875
0.000096
-45.627728
17.899689
0
-35408.035156
492.043732
9154.080078
0.000096
-45.627743
17.976414
0
-35368.222656
505.101166
9111.133789
0.000096
-45.705887
18.157509
0
-35328.4375
518.250732
9068.1875
0.000095
-45.705887
18.290144
0
-35288.734375
531.550537
9025.212891
0.000095
-45.745277
18.520159
0
-35249.089844
545.019287
8982.238281
0.000094
-45.74527
18.764139
0
-35209.464844
558.54364
8939.263672
0.000092
-45.745277
18.844519
0
-35169.878906
572.182251
8896.289063
0.000093
-45.74527
19.009817
0
-35130.292969
585.820862
8853.314453
0.000093
-45.74527
19.009817
0
-35090.714844
599.485352
8810.339844
0.000092
-45.7453
19.047224
0
-35051.136719
613.149841
8767.365234
0.000092
-45.7453
19.047224
0
-35011.558594
626.814331
8724.390625
0.000092
-45.7453
19.047224
0
-34971.980469
640.478821
8681.416016
0.000092
-45.7453
19.047224
0
-34932.402344
654.143311
8638.441406
0.000092
-45.7453
19.047224
0
-34892.824219
667.8078
8595.466797
0.000092
-45.7453
19.047224
0
-34853.304688
681.546021
8552.462891
0.000092
-45.785702
19.168495
0
-34813.792969
695.315002
8509.458984
0.000092
-45.785725
19.213015
0
-34774.292969
709.113525
8466.455078
0.000092
-45.785725
19.255857
0
-34734.792969
722.912048
8423.451172
0.000092
-45.785725
19.255857
0
-34695.300781
736.737671
8380.447266
0.000091
-45.785702
19.295204
0
-34655.808594
750.563293
8337.443359
0.000091
-45.785702
19.295204
0
-34616.316406
764.388916
8294.439453
0.000091
-45.785702
19.295204
0
-34576.824219
778.214539
8251.435547
0.000091
-45.785702
19.295204
0
-34537.332031
792.040161
8208.431641
0.000091
-45.785702
19.295204
0
-34497.839844
805.865784
8165.427246
0.000091
-45.785702
19.295204
0
-34458.378906
819.771667
8122.422852
0.000091
-45.785717
19.411718
0
-34418.941406
833.742981
8079.418457
0.000092
-45.785702
19.506693
0
-34379.546875
847.838684
8036.414063
0.000091
-45.785702
19.68749
0
-34340.195313
862.053955
7993.409668
0.000092
-45.785732
19.861538
0
-34300.867188
876.337952
7950.405273
0.000092
-45.785702
19.961649
0
-34261.5625
890.678406
7907.400879
0.000091
-45.785717
20.043867
0
-34222.257813
905.01886
7864.396484
0.000091
-45.785717
20.043867
0
-34182.953125
919.359314
7821.39209
0.000091
-45.785717
20.043867
0
-34143.648438
933.699768
7778.387695
0.000091
-45.785717
20.043867
0
-34104.34375
948.040222
7735.383301
0.000091
-45.785717
20.043867
0
-34065.039063
962.380676
7692.378906
0.000091
-45.785717
20.043867
0
-34025.734375
976.72113
7649.374512
0.000091
-45.785717
20.043867
0
-33986.429688
991.061584
7606.370117
0.000091
-45.785717
20.043867
0
-33947.152344
1005.48175
7563.365723
0.000092
-45.785717
20.160166
0
-33907.890625
1019.939392
7520.361328
0.000092
-45.785725
20.214823
0
-33868.640625
1034.429077
7477.356934
0.000091
-45.785717
20.261496
0
-33829.398438
1048.946655
7434.352539
0.000091
-45.785702
20.302299
0
-33790.179688
1063.52356
7391.348145
0.000092
-45.785736
20.388935
0
-33750.960938
1078.100464
7348.34375
0.000092
-45.785736
20.388935
0
-33711.742188
1092.677368
7305.339355
0.000092
-45.785736
20.388935
0
-33672.523438
1107.254272
7262.334961
0.000092
-45.785736
20.388935
0
-33633.3125
1121.856445
7219.330566
0.000091
-45.785717
20.425819
0
-33594.121094
1136.512939
7176.326172
0.000092
-45.785725
20.505329
0
-33554.976563
1151.291382
7133.321777
0.000093
-45.785725
20.683697
0
-33515.90625
1166.262451
7090.317383
0.000092
-45.785698
20.965763
0
-33476.925781
1181.464722
7047.312988
0.000094
-45.785717
21.305347
0
-33438.058594
1196.958496
7004.308594
0.000087
-45.785717
21.734344
0
-33399.273438
1212.656128
6961.304199
0.000087
-45.785717
22.035217
0
-33360.546875
1228.5
6918.299805
0.000088
-45.785717
22.251472
0
-33321.855469
1244.423828
6875.29541
0.000087
-45.785725
22.369717
0
-33283.175781
1260.378784
6832.291016
0.000088
-45.785717
22.415768
0
-33244.496094
1276.33374
6789.286621
0.000088
-45.785717
22.415768
0
-33205.816406
1292.288696
6746.282227
0.000088
-45.785717
22.415768
0
-33167.136719
1308.243652
6703.277832
0.000088
-45.785717
22.415768
0
-33128.46875
1324.223877
6660.273438
0.000088
-45.785725
22.453329
0
-33089.828125
1340.274902
6617.269043
0.000088
-45.785725
22.558237
0
-33051.230469
1356.425903
6574.264648
0.000087
-45.785702
22.706486
0
-33012.671875
1372.666016
6531.260254
0.000088
-45.785717
22.838911
0
-32974.175781
1389.055908
6488.255859
0.000088
-45.785717
23.061573
0
-32935.71875
1405.536377
6445.251465
0.000087
-45.785725
23.19647
0
-32897.273438
1422.047485
6402.24707
0.000087
-45.785717
23.242168
0
-32858.828125
1438.558594
6359.242676
0.000087
-45.785717
23.242168
0
-32820.382813
1455.069702
6316.238281
0.000087
-45.785717
23.242168
0
-32781.9375
1471.580811
6273.233887
0.000087
-45.785717
23.242168
0
-32743.492188
1488.091919
6230.229492
0.000087
-45.785717
23.242168
0
-32705.058594
1504.627686
6187.225098
0.000089
-45.785713
23.278927
0
-32666.650391
1521.223633
6144.220703
0.000089
-45.785717
23.368711
0
-32628.265625
1537.876343
6101.216309
0.000088
-45.785675
23.453316
0
-32589.949219
1554.684082
6058.211914
0.000087
-45.785675
23.684996
0
-32551.707031
1571.661865
6015.20752
0.000087
-45.785686
23.939547
0
-32513.517578
1588.754639
5972.203125
0.000088
-45.785679
24.111891
0
-32475.378906
1605.960571
5929.19873
0.000087
-45.785679
24.281809
0
-32437.253906
1623.196045
5886.194336
0.000087
-45.785686
24.326168
0
-32399.128906
1640.431519
5843.189941
0.000087
-45.785686
24.326168
0
-32361.003906
1657.666992
5800.185547
0.000087
-45.785686
24.326168
0
-32322.878906
1674.902466
5757.181152
0.000087
-45.785686
24.326168
0
-32284.765625
1692.163452
5714.176758
0.000087
-45.785686
24.364592
0
-32246.666016
1709.454834
5671.172363
0.000088
-45.785675
24.410109
0
-32208.605469
1726.833008
5628.167969
0.000087
-45.785679
24.540758
0
-32170.572266
1744.273071
5585.163574
0.000088
-45.785679
24.633968
0
-32132.578125
1761.796021
5542.15918
0.000088
-45.785679
24.758862
0
-32094.636719
1779.43335
5499.154785
0.000088
-45.785675
24.931461
0
-32056.716797
1797.118652
5456.150391
0.000087
-45.785686
25.003958
0
-32018.818359
1814.847778
5413.145996
0.000081
-45.785675
25.070303
0
-31980.919922
1832.576904
5370.141602
0.000081
-45.785675
25.070303
0
-31943.021484
1850.30603
5327.137207
0.000081
-45.785675
25.070303
0
-31905.123047
1868.035156
5284.132813
0.000081
-45.785675
25.070303
0
-31867.224609
1885.764282
5241.128418
0.000081
-45.785675
25.070303
0
-31829.326172
1903.493408
5198.124023
0.000081
-45.785675
25.070303
0
-31791.427734
1921.222534
5155.119629
0.000081
-45.785675
25.070303
0
-31753.529297
1938.95166
5112.115234
0.000081
-45.785675
25.070303
0
-31715.642578
1956.706055
5069.11084
0.000082
-45.785675
25.108419
0
-31677.755859
1974.460449
5026.106445
0.000082
-45.785675
25.108419
0
-31639.882813
1992.242676
4983.102051
0.000083
-45.785679
25.150482
0
-31602.009766
2010.024902
4940.097656
0.000083
-45.785679
25.150482
0
-31564.136719
2027.807129
4897.093262
0.000083
-45.785679
25.150482
0
-31526.263672
2045.589355
4854.088867
0.000083
-45.785679
25.150482
0
-31488.390625
2063.371582
4811.084473
0.000083
-45.785679
25.150482
0
-31450.501953
2081.191895
4768.108887
0.000087
-45.746677
25.189428
0
-31412.613281
2099.012207
4725.133301
0.000087
-45.746677
25.189428
0
-31374.685547
2116.882568
4682.213867
0.000083
-45.669853
25.227812
0
-31336.726563
2134.76709
4639.327148
0.000084
-45.624977
25.227789
0
-31298.712891
2152.677246
4596.499512
0.000084
-45.544701
25.227758
0
-31260.667969
2170.66333
4553.732422
0.000084
-45.46207
25.302404
0
-31222.605469
2188.693359
4510.998047
0.000084
-45.417458
25.346956
0
-31184.529297
2206.761475
4468.29248
0.000078
-45.378536
25.385801
0
-31146.453125
2224.82959
4425.586914
0.000078
-45.378536
25.385801
0
-31108.376953
2242.897705
4382.881348
0.000078
-45.378536
25.385801
0
-31070.275391
2260.978271
4340.204102
0.000079
-45.339939
25.385775
0
-31032.146484
2279.071533
4297.556152
0.000081
-45.299862
25.38575
0
-30993.988281
2297.178711
4254.94043
0.000081
-45.256374
25.385729
0
-30955.800781
2315.299561
4212.356445
0.000079
-45.213184
25.385706
0
-30917.535156
2333.45752
4169.858398
0.000079
-45.09684
25.385687
0
-30879.212891
2351.642334
4127.422852
0.000085
-45.012356
25.385656
0
-30840.833984
2369.854248
4085.050781
0.000083
-44.926762
25.385633
0
-30802.421875
2388.082031
4042.716064
0.000081
-44.876263
25.385609
0
-30763.953125
2406.336914
4000.445068
0.000083
-44.790604
25.385588
0
-30725.421875
2424.621582
3958.243896
0.000083
-44.696716
25.385567
0
-30686.822266
2442.938232
3916.118164
0.000083
-44.595253
25.385542
0
-30648.128906
2461.298828
3874.097168
0.000081
-44.455177
25.385532
0
-30609.263672
2479.610352
3832.213867
0.000081
-44.271042
25.22776
0
-30570.224609
2497.855957
3790.4646
0.000081
-44.092667
25.049374
0
-30531.076172
2516.083252
3748.80835
0.000083
-43.968987
24.966881
0
-30491.839844
2534.276123
3707.220947
0.000084
-43.877769
24.87562
0
-30452.525391
2552.465332
3665.705078
0.000083
-43.783184
24.828281
0
-30413.210938
2570.654541
3624.189209
0.000083
-43.783184
24.828281
0
-30373.871094
2588.855713
3582.703125
0.000083
-43.743649
24.828249
0
-30334.458984
2607.057617
3541.286621
0.000085
-43.651867
24.788855
0
-30294.960938
2625.225586
3499.937012
0.000082
-43.563751
24.700716
0
-30255.423828
2643.377686
3458.618164
0.000086
-43.523067
24.659973
0
-30215.8125
2661.525635
3417.366943
0.000089
-43.434101
24.615448
0
-30176.083984
2679.625488
3376.20874
0.000089
-43.311878
24.493176
0
-30136.246094
2697.680908
3335.135986
0.000088
-43.199833
24.381098
0
-30096.314453
2715.697021
3294.137939
0.000089
-43.102146
24.283369
0
-30056.322266
2733.662109
3253.175293
0.000086
-43.055706
24.19046
0
-30016.248047
2751.592041
3212.278809
0.000089
-42.969524
24.104256
0
-29976.173828
2769.521973
3171.382324
0.000089
-42.969524
24.104256
0
-29936.099609
2787.451904
3130.48584
0.000089
-42.969524
24.104256
0
-29895.988281
2805.365967
3089.619141
0.000085
-42.930614
24.065319
0
-29855.833984
2823.261719
3048.786377
0.000087
-42.886177
24.02084
0
-29815.679688
2841.157471
3007.953613
0.000087
-42.886177
24.02084
0
-29775.419922
2859.008789
2967.203613
0.000086
-42.778442
23.913063
0
-29735.037109
2876.77417
2926.539795
0.000087
-42.66655
23.745184
0
-29694.496094
2894.469727
2886.003174
0.000089
-42.501526
23.580099
0
-29653.873047
2912.128906
2845.532715
0.000088
-42.415813
23.49436
0
-29613.201172
2929.766846
2805.100586
0.000089
-42.366234
23.444721
0
-29572.529297
2947.404785
2764.668457
0.000089
-42.366234
23.444721
0
-29531.857422
2965.042725
2724.236328
0.000089
-42.366234
23.444721
0
-29491.185547
2982.680664
2683.804199
0.000089
-42.366234
23.444721
0
-29450.513672
3000.318604
2643.37207
0.000089
-42.366234
23.444721
0
-29409.841797
3017.956543
2602.939941
0.000089
-42.366234
23.444721
0
-29369.169922
3035.594482
2562.507813
0.000089
-42.366234
23.444721
0
-29328.439453
3053.162598
2522.10498
0.000089
-42.328594
23.331823
0
-29287.648438
3070.675293
2481.739746
0.000089
-42.280109
23.234774
0
-29246.763672
3088.132813
2441.444092
0.000089
-42.190186
23.12237
0
-29205.695313
3105.443359
2401.272705
0.000087
-42.030178
22.855698
0
-29164.564453
3122.779785
2361.175781
0.000091
-41.934731
22.855682
0
-29123.390625
3140.100342
2321.116211
0.000088
-41.886585
22.815338
0
-29082.216797
3157.420898
2281.056641
0.000088
-41.886585
22.815338
0
-29041.042969
3174.741455
2240.99707
0.000088
-41.886585
22.815338
0
-28999.857422
3192.03418
2200.9375
0.000093
-41.886581
22.776608
0
-28958.671875
3209.326904
2160.87793
0.000093
-41.886581
22.776608
0
-28917.449219
3226.601318
2120.850098
0.000087
-41.845932
22.735918
0
-28876.123047
3243.82666
2080.907471
0.000093
-41.736813
22.626783
0
-28834.742188
3261.000977
2040.998779
0.000091
-41.69339
22.539951
0
-28793.300781
3278.116943
2001.128662
0.00009
-41.644085
22.441315
0
-28751.767578
3295.188477
1961.334473
0.000091
-41.547096
22.344305
0
-28710.193359
3312.240234
1921.573975
0.000091
-41.504185
22.301361
0
-28668.619141
3329.291992
1881.813477
0.000091
-41.504185
22.301361
0
-28627.044922
3346.34375
1842.052979
0.000091
-41.504185
22.301361
0
-28585.433594
3363.377197
1802.323364
0.00009
-41.464752
22.26193
0
-28543.822266
3380.410645
1762.59375
0.00009
-41.464752
22.26193
0
-28502.173828
3397.425537
1722.895264
0.000091
-41.425083
22.222248
0
-28460.412109
3414.384277
1683.291748
0.000093
-41.304394
22.101519
0
-28418.607422
3431.320313
1643.725952
0.00009
-41.256447
22.053545
0
-28376.708984
3448.18457
1604.227783
0.00009
-41.170559
21.924692
0
-28334.673828
3464.978516
1564.845947
0.000089
-41.02314
21.77725
0
-28292.542969
3481.723389
1525.544922
0.00009
-40.921001
21.675116
0
-28250.412109
3498.468262
1486.243896
0.00009
-40.921001
21.675116
0
-28208.240234
3515.192139
1446.977295
0.000091
-40.877487
21.631599
0
-28166.068359
3531.916016
1407.710693
0.000091
-40.877487
21.631599
0
-28123.896484
3548.639893
1368.444092
0.000091
-40.877487
21.631599
0
-28081.724609
3565.36377
1329.17749
0.000091
-40.877487
21.631599
0
-28039.515625
3582.067871
1289.943237
0.00009
-40.836529
21.590666
0
-27997.306641
3598.771973
1250.708984
0.00009
-40.836529
21.590666
0
-27955.060547
3615.456787
1211.506104
0.000087
-40.796967
21.551052
0
-27912.716797
3632.089844
1172.387329
0.000086
-40.690968
21.445042
0
-27870.304688
3648.712402
1133.337402
0.000083
-40.604408
21.401745
0
-27827.828125
3665.360107
1094.367798
0.000084
-40.503426
21.401735
0
-27785.275391
3682.037598
1055.493652
0.000085
-40.383694
21.401724
0
-27742.666016
3698.737793
1016.692993
0.000082
-40.291565
21.401712
0
-27699.955078
3715.443359
978.006165
0.000079
-40.149239
21.361664
0
-27657.216797
3732.159668
939.354431
0.000078
-40.105385
21.361654
0
-27614.451172
3748.886475
900.736938
0.000079
-40.062637
21.361639
0
-27571.630859
3765.634766
862.189758
0.000079
-39.974972
21.361631
0
-27528.728516
3782.377441
823.730469
0.000077
-39.865547
21.31863
0
-27485.787109
3799.098389
785.305725
0.000077
-39.822559
21.275602
0
-27442.746094
3815.818359
746.991821
0.000077
-39.68486
21.229691
0
-27399.644531
3832.562256
708.757324
0.000079
-39.586437
21.229687
0
-27356.402344
3849.360596
670.705994
0.000077
-39.359856
21.229673
0
-27313.044922
3866.203613
632.805176
0.000075
-39.174183
21.229656
0
-27269.533203
3883.106934
595.109985
0.000076
-38.921333
21.229649
0
-27225.892578
3900.059814
557.584778
0.000074
-38.713017
21.229641
0
-27182.150391
3917.052734
520.197876
0.000074
-38.543919
21.22963
0
-27138.347656
3934.10376
482.907349
0.000074
-38.426373
21.269449
0
-27094.517578
3951.165771
445.654602
0.000074
-38.380348
21.269436
0
-27050.660156
3968.238037
408.437744
0.000076
-38.336658
21.269432
0
-27006.775391
3985.320801
371.25769
0.000076
-38.29187
21.269421
0
-26962.890625
4002.403564
334.077637
0.000076
-38.29187
21.269421
0
-26918.958984
4019.504883
296.96283
0.000076
-38.212524
21.269403
0
-26874.998047
4036.617676
259.888245
0.000074
-38.163647
21.26939
0
-26830.941406
4053.767822
222.944733
0.000075
-38.004623
21.269382
0
-26786.869141
4070.958496
186.0383
0.000076
-37.959694
21.30829
0
-26742.765625
4088.160889
149.173813
0.000075
-37.908901
21.308285
0
-26698.648438
4105.402832
112.344833
0.000075
-37.865967
21.346342
0
-26654.490234
4122.660645
75.572037
0.000076
-37.798027
21.346338
0
-26610.298828
4139.931641
38.845974
0.000074
-37.741554
21.346325
0
-26566.078125
4157.213379
2.159172
0.000074
-37.69416
21.34631
0
-26521.794922
4174.519531
-34.440834
0.000074
-37.589508
21.346306
0
-26477.484375
4191.836914
-71.001343
0.000073
-37.541916
21.346304
0
-26433.158203
4209.195801
-107.522972
0.000073
-37.495106
21.386038
0
-26388.740234
4226.59082
-143.915848
0.000076
-37.340286
21.386028
0
-26344.289063
4244.071289
-180.227203
0.000073
-37.242462
21.467291
0
-26299.767578
4261.622559
-216.417923
0.000073
-37.097885
21.515455
0
-26255.222656
4279.183105
-252.575256
0.000073
-37.057899
21.51544
0
-26210.636719
4296.759766
-288.675659
0.000074
-36.989815
21.515429
0
-26166.050781
4314.336426
-324.776062
0.000074
-36.989815
21.515429
0
-26121.455078
4331.951172
-360.844635
0.000075
-36.951797
21.553402
0
-26076.859375
4349.565918
-396.913208
0.000075
-36.951797
21.553402
0
-26032.263672
4367.180664
-432.981781
0.000075
-36.951797
21.553402
0
-25987.667969
4384.79541
-469.050354
0.000075
-36.951797
21.553402
0
-25943.072266
4402.410156
-505.118927
0.000075
-36.951797
21.553402
0
-25898.476563
4420.024902
-541.1875
0.000075
-36.951797
21.553402
0
-25853.880859
4437.639648
-577.256104
0.000075
-36.951797
21.553402
0
-25809.285156
4455.254395
-613.324707
0.000075
-36.951797
21.553402
0
-25764.689453
4472.869141
-649.393311
0.000075
-36.951797
21.553402
0
-25720.09375
4490.483887
-685.461914
0.000075
-36.951797
21.553402
0
-25675.474609
4508.10791
-721.497131
0.000075
-36.911945
21.553398
0
-25630.855469
4525.731934
-757.532349
0.000075
-36.911945
21.553398
0
-25586.212891
4543.364746
-793.53479
0.000075
-36.872772
21.553377
0
-25541.570313
4560.997559
-829.537231
0.000075
-36.872772
21.553377
0
-25496.927734
4578.630371
-865.539673
0.000075
-36.872772
21.553377
0
-25452.285156
4596.263184
-901.542114
0.000075
-36.872772
21.553377
0
-25407.642578
4613.895996
-937.544556
0.000075
-36.872772
21.553377
0
-25362.951172
4631.54834
-973.477234
0.000072
-36.789547
21.553368
0
-25318.259766
4649.200684
-1009.409912
0.000072
-36.789547
21.553368
0
-25273.546875
4666.861816
-1045.309326
0.000075
-36.749863
21.553356
0
-25228.806641
4684.533691
-1081.169678
0.000072
-36.703419
21.553335
0
-25184.015625
4702.225586
-1116.957886
0.000074
-36.617512
21.553328
0
-25139.193359
4719.929688
-1152.700562
0.000072
-36.563366
21.553314
0
-25094.371094
4737.633789
-1188.443237
0.000072
-36.563366
21.553314
0
-25049.525391
4755.347168
-1224.152588
0.000074
-36.523773
21.553305
0
-25004.654297
4773.070313
-1259.824585
0.000073
-36.479313
21.553291
0
-24959.783203
4790.793457
-1295.496582
0.000073
-36.479313
21.553291
0
-24914.888672
4808.525879
-1331.135376
0.000074
-36.439922
21.55327
0
-24869.880859
4826.228027
-1366.646118
0.000074
-36.288071
21.470552
0
-24824.873047
4843.930176
-1402.15686
0.000074
-36.288071
21.470552
0
-24779.773438
4861.668457
-1437.532715
0.000072
-36.12846
21.470541
0
-24734.607422
4879.396484
-1472.827515
0.00007
-36.032597
21.430277
0
-24689.441406
4897.124512
-1508.122314
0.00007
-36.032597
21.430277
0
-24644.207031
4914.878906
-1543.317627
0.000071
-35.915245
21.430273
0
-24598.947266
4932.643555
-1578.474487
0.000071
-35.869961
21.430262
0
-24553.660156
4950.418945
-1613.590088
0.000073
-35.82132
21.43025
0
-24508.335938
4968.208984
-1648.649902
0.00007
-35.755718
21.430237
0
-24462.984375
4986.009766
-1683.6698
0.00007
-35.708782
21.430227
0
-24417.585938
5003.788086
-1718.640747
0.00007
-35.651161
21.386095
0
-24372.105469
5021.599121
-1753.487549
0.00007
-35.505413
21.386082
0
-24326.568359
5039.432129
-1788.249268
0.000071
-35.405704
21.386082
0
-24281.005859
5057.275391
-1822.971436
0.000071
-35.359322
21.386068
0
-24235.382813
5075.141602
-1857.603638
0.000072
-35.254059
21.386057
0
-24189.759766
5093.007813
-1892.23584
0.000072
-35.254059
21.386057
0
-24144.09375
5110.891602
-1926.801147
0.000072
-35.175819
21.386045
0
-24098.361328
5128.80127
-1961.265869
0.000072
-35.058418
21.386024
0
-24052.601563
5146.721191
-1995.689697
0.000072
-35.010822
21.386023
0
-24006.787109
5164.662598
-2030.029663
0.000072
-34.912998
21.386
0
-23960.900391
5182.593262
-2064.27832
0.000072
-34.806664
21.343613
0
-23914.941406
5200.552246
-2098.413818
0.000072
-34.675148
21.343599
0
-23868.835938
5218.478516
-2132.369629
0.000071
-34.466938
21.246737
0
-23822.660156
5236.432129
-2166.214844
0.000075
-34.338902
21.246729
0
-23776.443359
5254.401855
-2199.994141
0.000074
-34.262733
21.246719
0
-23730.201172
5272.381348
-2233.735107
0.000072
-34.218365
21.246712
0
-23683.935547
5290.369629
-2267.438965
0.000073
-34.175674
21.246693
0
-23637.669922
5308.35791
-2301.142822
0.000073
-34.175674
21.246693
0
-23591.384766
5326.354004
-2334.816406
0.000073
-34.140663
21.246679
0
-23545.035156
5344.337891
-2368.406006
0.000073
-34.043797
21.206207
0
-23498.662109
5362.330566
-2401.959717
0.000075
-34.002522
21.206202
0
-23452.246094
5380.339844
-2435.443604
0.000074
-33.922157
21.206186
0
-23405.755859
5398.341309
-2468.829346
0.000074
-33.809139
21.167082
0
-23359.160156
5416.383789
-2502.045654
0.000074
-33.614639
21.16707
0
-23312.484375
5434.421875
-2535.150879
0.000075
-33.487385
21.129192
0
-23265.738281
5452.486816
-2568.143555
0.000075
-33.358532
21.129187
0
-23218.904297
5470.516602
-2601.030762
0.000072
-33.238144
21.055538
0
-23172.007813
5488.527344
-2633.837158
0.000072
-33.145897
21.009382
0
-23124.986328
5506.518555
-2666.475586
0.000075
-32.954479
20.937584
0
-23077.857422
5524.431641
-2699.002686
0.000075
-32.827988
20.811098
0
-23030.580078
5542.263184
-2731.358398
0.000076
-32.633503
20.665209
0
-22983.171875
5560.021973
-2763.561035
0.000076
-32.459904
20.535013
0
-22935.59375
5577.678223
-2795.56958
0.000077
-32.240486
20.359467
0
-22887.845703
5595.250488
-2827.37207
0.000075
-32.008171
20.204575
0
-22839.951172
5612.757324
-2858.988037
0.000073
-31.798483
20.078756
0
-22791.919922
5630.18457
-2890.442383
0.000074
-31.617115
19.942736
0
-22743.738281
5647.533203
-2921.708496
0.000075
-31.406137
19.802084
0
-22695.380859
5664.766602
-2952.764893
0.000075
-31.171801
19.61463
0
-22646.910156
5681.907715
-2983.696289
0.000076
-31.032396
19.475229
0
-22598.316406
5698.946289
-3014.48999
0.000077
-30.879133
19.321972
0
-22549.576172
5715.862793
-3045.120605
0.000076
-30.697813
19.140638
0
-22500.675781
5732.626953
-3075.579346
0.000076
-30.507162
18.922781
0
-22451.609375
5749.24707
-3105.8479
0.000077
-30.296656
18.712294
0
-22402.363281
5765.677734
-3135.927002
0.000076
-30.087357
18.450699
0
-22353.007813
5782.011719
-3165.879883
0.000076
-29.947968
18.311317
0
-22303.496094
5798.191406
-3195.659424
0.000077
-29.757111
18.096626
0
-22253.830078
5814.230469
-3225.257324
0.000079
-29.557615
17.897171
0
-22204.066406
5830.180176
-3254.740479
0.000076
-29.43181
17.77137
0
-22154.189453
5845.996582
-3284.102539
0.000078
-29.299086
17.594458
0
-22104.220703
5861.695313
-3313.371338
0.000079
-29.196987
17.441338
0
-22054.166016
5877.3125
-3342.536377
0.00008
-29.083395
17.327787
0
-22004.019531
5892.812012
-3371.608398
0.00008
-28.98196
17.17568
0
-21953.75
5908.190918
-3400.528809
0.000079
-28.816574
17.010355
0
-21903.369141
5923.462891
-3429.314697
0.000081
-28.669977
16.863785
0
-21852.875
5938.60791
-3457.968262
0.000082
-28.526119
16.695988
0
-21802.298828
5953.64209
-3486.5354
0.000081
-28.432211
16.555208
0
-21751.615234
5968.566895
-3514.967041
0.000082
-28.285206
16.40823
0
-21700.835938
5983.395996
-3543.279785
0.000081
-28.1563
16.279356
0
-21649.994141
5998.161133
-3571.513672
0.000082
-28.070936
16.194044
0
-21599.083984
6012.855469
-3599.660156
0.000083
-27.976528
16.099667
0
-21548.128906
6027.518066
-3627.74292
0.000083
-27.907625
16.053776
0
-21497.142578
6042.146484
-3655.783936
0.000084
-27.862452
16.008627
0
-21446.121094
6056.73877
-3683.780518
0.000083
-27.814468
15.960688
0
-21394.988281
6071.21582
-3711.635986
0.000083
-27.662169
15.8084
0
-21343.787109
6085.619629
-3739.401855
0.000083
-27.565741
15.711984
0
-21292.5
6099.932129
-3767.057373
0.000083
-27.446718
15.592988
0
-21241.042969
6114.026367
-3794.508057
0.000082
-27.22654
15.317801
0
-21189.486328
6127.924805
-3821.872559
0.000083
-27.134216
15.08705
0
-21137.806641
6141.686523
-3849.073486
0.000084
-26.958769
14.911627
0
-21086.005859
6155.311035
-3876.110352
0.000083
-26.78307
14.735971
0
-21034.109375
6168.8125
-3903.028076
0.000084
-26.655685
14.583167
0
-20982.125
6182.149902
-3929.855225
0.000084
-26.55899
14.389771
0
-20930.105469
6195.447754
-3956.635498
0.000084
-26.509022
14.339879
0
-20878.050781
6208.705078
-3983.367676
0.000085
-26.457659
14.28856
0
-20825.964844
6221.924316
-4010.054932
0.000085
-26.409786
14.240726
0
-20773.851563
6235.083008
-4036.720459
0.000085
-26.386501
14.17093
0
-20721.65625
6248.113281
-4063.289795
0.000085
-26.284178
14.017467
0
-20669.384766
6261.053711
-4089.753662
0.000087
-26.171719
13.905053
0
-20617.082031
6273.957031
-4116.173828
0.000086
-26.125349
13.858751
0
-20564.683594
6286.697754
-4142.480957
0.000086
-26.005144
13.666444
0
-20512.15625
6299.28125
-4168.60498
0.000086
-25.810545
13.471858
0
-20459.533203
6311.748047
-4194.593262
0.000086
-25.666983
13.328358
0
-20406.777344
6323.977051
-4220.424316
0.000086
-25.500544
13.050971
0
-20353.914063
6336.039551
-4246.115723
0.000086
-25.35284
12.854091
0
-20300.947266
6347.931641
-4271.672363
0.000085
-25.21026
12.654547
0
-20247.902344
6359.687988
-4297.128906
0.000085
-25.104858
12.496451
0
-20194.716797
6371.227539
-4322.39209
0.000086
-24.90114
12.241869
0
-20141.408203
6382.544434
-4347.492676
0.000086
-24.729977
11.985133
0
-20087.949219
6393.622559
-4372.381836
0.000085
-24.508139
11.707888
0
-20034.357422
6404.482422
-4397.078125
0.000086
-24.30591
11.455113
0
-19980.607422
6415.01416
-4421.573242
0.000085
-24.094877
11.085862
0
-19926.734375
6425.310547
-4445.898438
0.000085
-23.917601
10.819994
0
-19872.722656
6435.351563
-4470.022949
0.000086
-23.707886
10.531666
0
-19818.580078
6445.104004
-4493.97168
0.000086
-23.524714
10.211165
0
-19764.328125
6454.615234
-4517.766113
0.000086
-23.364197
9.94367
0
-19709.957031
6463.910645
-4541.374023
0.000085
-23.170349
9.701381
0
-19655.455078
6472.953613
-4564.779297
0.000085
-22.959967
9.420863
0
-19600.818359
6481.70752
-4587.97998
0.000085
-22.747978
9.102939
0
-19546.056641
6490.257324
-4610.959473
0.000085
-22.519043
8.874003
0
-19491.164063
6498.55957
-4633.718262
0.000085
-22.291256
8.600673
0
-19436.111328
6506.589844
-4656.18457
0.000085
-21.989527
8.298967
0
-19380.972656
6514.419922
-4678.510742
0.000085
-21.845266
8.082603
0
-19325.728516
6522.02832
-4700.649414
0.000085
-21.652525
7.841684
0
-19270.433594
6529.548828
-4722.694336
0.000085
-21.556049
7.745223
0
-19215.052734
6536.877441
-4744.587891
0.000085
-21.400908
7.53835
0
-19159.601563
6544.041016
-4766.35791
0.000084
-21.274309
7.361147
0
-19104.039063
6550.999023
-4787.910156
0.000084
-21.051161
7.138025
0
-19048.365234
6557.704102
-4809.250488
0.000084
-20.83465
6.867371
0
-18992.591797
6564.219238
-4830.390625
0.000084
-20.630196
6.662958
0
-18936.6875
6570.455566
-4851.265137
0.000084
-20.359543
6.365238
0
-18880.660156
6576.406738
-4871.892578
0.000084
-20.107973
6.063328
0
-18824.537109
6582.161621
-4892.314941
0.000083
-19.899414
5.854774
0
-18768.326172
6587.697754
-4912.555664
0.000083
-19.715313
5.624684
0
-18712.0
6592.947754
-4932.550293
0.000083
-19.46567
5.325091
0
-18655.576172
6597.962402
-4952.332031
0.000083
-19.250122
5.078746
0
-18599.0625
6602.732422
-4971.912598
0.000083
-19.046925
4.82476
0
-18542.488281
6607.365234
-4991.351074
0.000083
-18.903641
4.681488
0
-18485.832031
6611.788086
-5010.601074
0.000083
-18.713284
4.463928
0
-18429.087891
6615.958008
-5029.644043
0.000082
-18.504505
4.20299
0
-18372.212891
6619.859863
-5048.35498
0.000083
-18.170666
3.924793
0
-18315.261719
6623.571777
-5066.871094
0.000083
-17.975096
3.729204
0
-18258.203125
6627.092773
-5085.091309
0.000082
-17.678373
3.531386
0
-18201.054688
6630.398926
-5103.066895
0.000082
-17.433258
3.310786
0
-18143.78125
6633.502441
-5120.676758
0.000082
-17.067575
3.101834
0
-18086.369141
6636.268555
-5137.884766
0.000082
-16.666576
2.758127
0
-18028.878906
6638.812988
-5154.867676
0.000082
-16.44241
2.533967
0
-17971.294922
6641.141602
-5171.558594
0.000081
-16.151484
2.31578
0
-17913.621094
6643.196777
-5187.972656
0.000081
-15.876467
2.040782
0
-17855.849609
6644.945801
-5204.077148
0.000081
-15.569757
1.734043
0
-17797.994141
6646.421387
-5219.90625
0.000081
-15.296802
1.461111
0
-17740.095703
6647.665527
-5235.596191
0.000081
-15.158825
1.231156
0
-17682.109375
6648.554199
-5250.983887
0.000081
-14.860168
0.87819
0
-17624.072266
6649.259277
-5266.187012
0.000081
-14.67798
0.696002
0
-17565.960938
6649.693848
-5281.119141
0.000081
-14.410462
0.428477
0
-17507.787109
6649.885254
-5295.807617
0.000081
-14.170551
0.188578
0
-17449.548828
6649.845215
-5310.241211
0.000081
-13.91959
-0.039581
0
-17391.25
6649.552734
-5324.422852
0.000081
-13.671634
-0.287506
0
-17332.914063
6649.048828
-5338.445801
0.000081
-13.516171
-0.494781
0
-17274.527344
6648.321777
-5352.246094
0.00008
-13.297538
-0.713379
0
-17216.121094
6647.357422
-5365.95166
0.00008
-13.204455
-0.946075
0
-17157.675781
6646.183105
-5379.471191
0.00008
-13.022246
-1.151062
0
-17099.210938
6644.86084
-5392.892578
0.00008
-12.925784
-1.295746
0
-17040.707031
6643.291016
-5406.116699
0.00008
-12.732715
-1.537048
0
-16982.195313
6641.524414
-5419.275391
0.00008
-12.668566
-1.729462
0
-16923.642578
6639.546875
-5432.224609
0.00008
-12.463558
-1.934479
0
-16865.064453
6637.228027
-5445.003906
0.00008
-12.297427
-2.266754
0
-16806.449219
6634.567871
-5457.540527
0.00008
-12.060453
-2.598511
0
-16747.804688
6631.602051
-5469.874512
0.00008
-11.862761
-2.89505
0
-16689.132813
6628.228027
-5481.964844
0.00008
-11.624933
-3.291415
0
-16630.4375
6624.389648
-5493.79834
0.00008
-11.374907
-3.741519
0
-16571.724609
6620.180664
-5505.421387
0.00008
-11.169797
-4.100467
0
-16512.998047
6615.620117
-5516.844727
0.00008
-10.975526
-4.440465
0
-16454.263672
6610.728516
-5528.088379
0.00008
-10.800905
-4.760627
0
-16395.521484
6605.652344
-5539.209961
0.00008
-10.681972
-4.939033
0
-16336.774414
6600.421875
-5550.229492
0.00008
-10.582825
-5.087744
0
-16278.022461
6595.140625
-5561.198242
0.00008
-10.533763
-5.136789
0
-16219.265625
6589.809082
-5572.117676
0.00008
-10.485897
-5.184669
0
-16160.504883
6584.339355
-5582.945801
0.00008
-10.396907
-5.318122
0
-16101.734375
6578.763184
-5593.668457
0.00008
-10.294741
-5.420296
0
-16042.959961
6573.134277
-5604.339355
0.00008
-10.244415
-5.47062
0
-15984.176758
6567.397949
-5614.904297
0.00008
-10.14154
-5.573496
0
-15925.389648
6561.556152
-5625.390625
0.00008
-10.065431
-5.67497
0
-15866.598633
6555.662109
-5635.825684
0.00008
-10.015563
-5.724835
0
-15807.803711
6549.712891
-5646.205566
0.00008
-9.962309
-5.778088
0
-15749.004883
6543.717285
-5656.540039
0.00008
-9.918185
-5.822214
0
-15690.202148
6537.666992
-5666.820801
0.00008
-9.865996
-5.874403
0
-15631.401367
6531.530273
-5677.058105
0.00008
-9.824188
-5.95799
0
-15572.600586
6525.393555
-5687.29541
0.00008
-9.824188
-5.95799
0
-15513.793945
6519.171387
-5697.448242
0.000079
-9.742219
-6.039961
0
-15454.984375
6512.898438
-5707.55127
0.000079
-9.693664
-6.088513
0
-15396.176758
6506.519043
-5717.601074
0.000079
-9.642383
-6.191083
0
-15337.37207
6500.025879
-5727.594238
0.000079
-9.587523
-6.300857
0
-15278.567383
6493.37207
-5737.480957
0.000079
-9.48438
-6.455612
0
-15219.765625
6486.617676
-5747.317383
0.000079
-9.435879
-6.552628
0
-15160.967773
6479.756836
-5757.100586
0.000079
-9.384352
-6.655688
0
-15102.175781
6472.734375
-5766.803223
0.000079
-9.306426
-6.811542
0
-15043.397461
6465.593262
-5776.505859
0.000079
-9.306426
-6.927264
0
-14984.633789
6458.276367
-5786.163574
0.000079
-9.262604
-7.097676
0
-14925.878906
6450.856445
-5795.79541
0.00008
-9.237639
-7.197563
0
-14867.124023
6443.436523
-5805.427246
0.00008
-9.237639
-7.197563
0
-14808.373047
6435.934082
-5815.018066
0.00008
-9.197846
-7.277153
0
-14749.634766
6428.328125
-5824.608887
0.00008
-9.197846
-7.378225
0
-14690.897461
6420.60791
-5834.11084
0.00008
-9.111848
-7.487726
0
-14632.162109
6412.810059
-5843.561035
0.00008
-9.06198
-7.562526
0
-14573.431641
6404.910156
-5852.959961
0.00008
-9.012667
-7.661189
0
-14514.714844
6396.778809
-5862.243652
0.00008
-8.900986
-7.884544
0
-14456.010742
6388.495117
-5871.476563
0.00008
-8.851809
-8.032075
0
-14397.325195
6380.023438
-5880.655273
0.00008
-8.799742
-8.21432
0
-14338.670898
6371.338867
-5889.833984
0.00008
-8.799742
-8.42227
0
-14280.041016
6362.392578
-5898.916992
0.00008
-8.70722
-8.675752
0
-14221.422852
6353.321289
-5907.949707
0.00008
-8.658691
-8.79709
0
-14162.838867
6343.978027
-5916.927734
0.000079
-8.605826
-9.061435
0
-14104.265625
6334.458008
-5925.788574
0.000079
-8.492404
-9.231603
0
-14045.717773
6324.738281
-5934.599121
0.000079
-8.443787
-9.426005
0
-13987.198242
6314.796875
-5943.353516
0.000079
-8.389862
-9.641733
0
-13928.700195
6304.682617
-5952.049805
0.000079
-8.333923
-9.809582
0
-13870.195313
6294.515137
-5960.643555
0.000079
-8.234831
-9.859171
0
-13811.694336
6284.243164
-5969.134277
0.000079
-8.135281
-9.95875
0
-13753.212891
6273.813477
-5977.571777
0.000079
-8.084164
-10.112164
0
-13694.744141
6263.265625
-5985.950195
0.000079
-8.026947
-10.226609
0
-13636.308594
6252.495117
-5994.272461
0.00008
-7.972832
-10.443007
0
-13577.900391
6241.458008
-6002.434082
0.00008
-7.818114
-10.700885
0
-13519.515625
6230.254883
-6010.540039
0.00008
-7.764313
-10.862322
0
-13461.129883
6218.941895
-6018.484375
0.00008
-7.608728
-10.966079
0
-13402.764648
6207.491699
-6026.382813
0.00008
-7.564209
-11.099655
0
-13344.436523
6195.813477
-6034.223145
0.00008
-7.508666
-11.32186
0
-13286.130859
6183.993652
-6042.016113
0.00008
-7.462739
-11.45974
0
-13227.844727
6172.04248
-6049.755859
0.00008
-7.411609
-11.587577
0
-13169.583008
6159.937988
-6057.443848
0.00008
-7.361865
-11.736898
0
-13111.345703
6147.69043
-6065.083496
0.00008
-7.315358
-11.876487
0
-13053.129883
6135.338867
-6072.723145
0.00008
-7.315378
-11.978663
0
-12994.948242
6122.800781
-6080.322266
0.00008
-7.276091
-12.161461
0
-12936.795898
6110.057617
-6087.803223
0.00008
-7.162539
-12.36022
0
-12878.671875
6097.156738
-6095.230957
0.00008
-7.111176
-12.51434
0
-12820.583008
6084.037109
-6102.54834
0.00008
-7.004946
-12.726862
0
-12762.521484
6070.768066
-6109.814941
0.00008
-6.956267
-12.872952
0
-12704.503906
6057.279785
-6117.025879
0.00008
-6.902555
-13.087795
0
-12646.498047
6043.686035
-6124.131348
0.00008
-6.801236
-13.189172
0
-12588.535156
6029.881836
-6131.183105
0.00008
-6.749633
-13.395603
0
-12530.610352
6015.86377
-6138.126465
0.00008
-6.64535
-13.604219
0
-12472.707031
6001.720215
-6144.993652
0.00008
-6.572144
-13.726288
0
-12414.81543
5987.480957
-6151.765137
0.00008
-6.48006
-13.818388
0
-12356.969727
5973.033691
-6158.483398
0.00008
-6.428956
-14.022883
0
-12299.137695
5958.481934
-6165.09668
0.00008
-6.328307
-14.123593
0
-12241.352539
5943.709473
-6171.625488
0.00008
-6.247061
-14.340234
0
-12183.609375
5928.728027
-6178.04834
0.00008
-6.144957
-14.544496
0
-12125.936523
5913.432617
-6184.36377
0.00008
-6.04193
-14.853603
0
-12068.288086
5897.979492
-6190.520508
0.00008
-5.889637
-15.005943
0
-12010.683594
5882.356445
-6196.652344
0.00008
-5.86563
-15.17406
0
-11953.131836
5866.516602
-6202.728027
0.00008
-5.811978
-15.388728
0
-11895.625
5850.474609
-6208.700684
0.00008
-5.712852
-15.587002
0
-11838.140625
5834.336914
-6214.624023
0.00008
-5.665799
-15.681172
0
-11780.694336
5818.04541
-6220.494629
0.00008
-5.615187
-15.832995
0
-11723.268555
5801.668945
-6226.336426
0.00008
-5.58719
-15.917073
0
-11665.882813
5785.135254
-6232.124023
0.00008
-5.535335
-16.072712
0
-11608.506836
5768.547363
-6237.856934
0.00008
-5.483091
-16.125021
0
-11551.171875
5751.799316
-6243.535156
0.00008
-5.43026
-16.283524
0
-11493.855469
5734.97998
-6249.188477
0.00008
-5.406648
-16.354475
0
-11436.564453
5718.055664
-6254.788086
0.00008
-5.355107
-16.457603
0
-11379.296875
5701.01709
-6260.271484
0.00008
-5.24368
-16.569021
0
-11322.029297
5683.978516
-6265.754883
0.00008
-5.24368
-16.569021
0
-11264.793945
5666.816406
-6271.195801
0.00008
-5.202855
-16.691601
0
-11207.569336
5649.602539
-6276.584473
0.00008
-5.152647
-16.741833
0
-11150.344727
5632.388672
-6281.973145
0.00008
-5.152647
-16.741833
0
-11093.120117
5615.174805
-6287.361816
0.00008
-5.152647
-16.741833
0
-11035.904297
5597.918945
-6292.70752
0.00008
-5.111604
-16.782879
0
-10978.711914
5580.550781
-6297.938965
0.00008
-5.002075
-16.892441
0
-10921.579102
5562.972656
-6303.115723
0.00008
-4.949763
-17.101631
0
-10864.446289
5545.394531
-6308.29248
0.00008
-4.949763
-17.101631
0
-10807.359375
5527.654297
-6313.427246
0.00008
-4.909396
-17.263128
0
-10750.272461
5509.914063
-6318.562012
0.00008
-4.909396
-17.263128
0
-10693.198242
5492.133301
-6323.696777
0.00008
-4.909389
-17.303627
0
-10636.168945
5474.196777
-6328.788086
0.00008
-4.86752
-17.459293
0
-10579.164063
5456.151367
-6333.768066
0.00008
-4.760983
-17.565857
0
-10522.205078
5437.947266
-6338.692871
0.00008
-4.708309
-17.723871
0
-10465.262695
5419.689941
-6343.617676
0.00008
-4.708309
-17.777435
0
-10408.367188
5401.275879
-6348.498535
0.00008
-4.666262
-17.934198
0
-10351.506836
5382.73291
-6353.299805
0.00008
-4.58975
-18.061729
0
-10294.677734
5364.09375
-6358.101074
0.00008
-4.58975
-18.158863
0
-10237.895508
5345.302734
-6362.858887
0.00008
-4.548332
-18.311113
0
-10181.130859
5326.458984
-6367.616699
0.00008
-4.548332
-18.363968
0
-10124.399414
5307.501953
-6372.329102
0.00008
-4.504516
-18.477581
0
-10067.700195
5288.435059
-6376.984375
0.00008
-4.44995
-18.586681
0
-10011.000977
5269.368164
-6381.639648
0.00008
-4.44995
-18.586681
0
-9954.339844
5250.167969
-6386.202637
0.00008
-4.361595
-18.719219
0
-9897.709961
5230.862793
-6390.710938
0.00008
-4.309145
-18.824106
0
-9841.114258
5211.444336
-6395.160156
0.00008
-4.252462
-18.937445
0
-9784.561523
5191.875
-6399.504883
0.00008
-4.1524
-19.087524
0
-9728.071289
5172.104004
-6403.743652
0.00008
-4.051299
-19.289755
0
-9671.633789
5152.165039
-6407.894531
0.00008
-3.967097
-19.45813
0
-9615.24707
5132.072754
-6411.991699
0.00008
-3.915679
-19.612429
0
-9558.890625
5111.885254
-6416.039063
0.00008
-3.867949
-19.707848
0
-9502.588867
5091.53418
-6420.028809
0.00008
-3.812864
-19.873138
0
-9446.323242
5071.071777
-6423.960449
0.00008
-3.757014
-19.984797
0
-9390.091797
5050.505859
-6427.837402
0.00008
-3.704681
-20.089437
0
-9333.893555
5029.839355
-6431.661133
0.00008
-3.654021
-20.190725
0
-9277.731445
5009.07373
-6435.484863
0.00008
-3.654021
-20.291428
0
-9221.606445
4988.201172
-6439.26416
0.00008
-3.611162
-20.399948
0
-9165.5
4967.278809
-6443.043457
0.00008
-3.611162
-20.450729
0
-9109.453125
4946.188965
-6446.776855
0.00008
-3.56738
-20.620617
0
-9053.419922
4925.054199
-6450.462891
0.00008
-3.522171
-20.665775
0
-8997.421875
4903.817871
-6454.095215
0.00008
-3.470842
-20.768436
0
-8941.460938
4882.474121
-6457.670898
0.00008
-3.416529
-20.877079
0
-8885.538086
4861.029297
-6461.246582
0.00008
-3.416529
-20.980356
0
-8829.681641
4839.404785
-6464.774902
0.00008
-3.371047
-21.163456
0
-8773.883789
4817.624023
-6468.275391
0.00008
-3.344422
-21.323236
0
-8718.141602
4795.692871
-6471.722168
0.00008
-3.293175
-21.476898
0
-8662.463867
4773.600098
-6475.168945
0.00008
-3.293175
-21.642962
0
-8606.849609
4751.341309
-6478.573242
0.00008
-3.252645
-21.812799
0
-8551.285156
4728.958496
-6481.977539
0.00008
-3.252645
-21.940571
0
-8495.739258
4706.521973
-6485.336914
0.00008
-3.209635
-21.995136
0
-8440.253906
4683.937012
-6488.696289
0.000081
-3.209635
-22.148148
0
-8384.833984
4661.171875
-6491.913086
0.000081
-3.073148
-22.331593
0
-8329.472656
4638.257324
-6495.076172
0.000081
-3.022031
-22.484842
0
-8274.172852
4615.187012
-6498.183594
0.000081
-2.968626
-22.645029
0
-8218.950195
4591.923828
-6501.23877
0.000081
-2.918915
-22.843878
0
-8163.811523
4568.453613
-6504.219727
0.000081
-2.847683
-23.05747
0
-8108.757813
4544.777832
-6507.14502
0.000081
-2.794497
-23.27017
0
-8053.76416
4520.957031
-6510.018066
0.000081
-2.744479
-23.420158
0
-7998.829102
4496.994141
-6512.82959
0.000081
-2.685808
-23.566748
0
-7943.942383
4472.913086
-6515.577148
0.000081
-2.624603
-23.689144
0
-7889.075684
4448.786621
-6518.324707
0.000081
-2.624603
-23.736603
0
-7834.254883
4424.55127
-6521.026367
0.000081
-2.580862
-23.849424
0
-7779.501953
4400.15625
-6523.67041
0.000081
-2.525688
-24.014915
0
-7724.791016
4375.666504
-6526.314453
0.000081
-2.525688
-24.114071
0
-7670.166992
4350.974121
-6528.870117
0.000081
-2.441178
-24.324852
0
-7615.563965
4326.230469
-6531.370605
0.000081
-2.388264
-24.377737
0
-7561.034668
4301.321777
-6533.845215
0.000081
-2.363546
-24.550714
0
-7506.552734
4276.310547
-6536.319824
0.000081
-2.363546
-24.658592
0
-7452.143555
4251.141113
-6538.794434
0.000081
-2.363546
-24.824759
0
-7397.755859
4225.925293
-6541.269043
0.000081
-2.363546
-24.873796
0
-7343.390137
4200.662109
-6543.743652
0.000081
-2.363546
-24.923754
0
-7289.04541
4175.349121
-6546.174316
0.000081
-2.321595
-24.975607
0
-7234.700684
4150.036133
-6548.60498
0.000081
-2.321595
-24.975607
0
-7180.355957
4124.723145
-6551.035645
0.000081
-2.321595
-24.975607
0
-7126.066406
4099.29248
-6553.466309
0.000081
-2.321595
-25.09936
0
-7071.79834
4073.815674
-6555.896973
0.000081
-2.321595
-25.148102
0
-7017.624023
4048.140381
-6558.327637
0.000081
-2.321595
-25.357874
0
-6963.491699
4022.36792
-6560.671387
0.000081
-2.238704
-25.45916
0
-6909.42041
3996.467773
-6563.015137
0.000081
-2.23871
-25.594353
0
-6855.41748
3970.425293
-6565.358887
0.000081
-2.23871
-25.745205
0
-6801.463379
3944.278564
-6567.657715
0.000081
-2.195523
-25.855141
0
-6747.509277
3918.131836
-6569.956543
0.000081
-2.195523
-25.855141
0
-6693.592773
3891.906982
-6572.255371
0.000081
-2.195523
-25.938112
0
-6639.705566
3865.62207
-6574.554199
0.000081
-2.195516
-26.002071
0
-6585.818359
3839.337158
-6576.853027
0.000081
-2.195516
-26.002071
0
-6531.983887
3812.941406
-6579.11084
0.000081
-2.15642
-26.11932
0
-6478.187012
3786.468994
-6581.368652
0.000081
-2.15642
-26.200703
0
-6424.467773
3759.835449
-6583.580566
0.000081
-2.112482
-26.371677
0
-6370.772461
3733.153564
-6585.79248
0.000081
-2.112482
-26.423372
0
-6317.100098
3706.425781
-6588.004395
0.000081
-2.112482
-26.472204
0
-6263.470703
3679.604248
-6590.130371
0.000081
-2.030697
-26.570904
0
-6209.841309
3652.782715
-6592.256348
0.000081
-2.030697
-26.570904
0
-6156.211914
3625.961182
-6594.382324
0.000081
-2.030697
-26.570904
0
-6102.602051
3599.101074
-6596.508301
0.000081
-2.030697
-26.612131
0
-6049.040039
3572.145264
-6598.634277
0.000081
-2.030697
-26.714481
0
-5995.500488
3545.141846
-6600.717285
0.000081
-1.989436
-26.76473
0
-5942.038086
3517.986328
-6602.800293
0.000081
-1.989436
-26.927593
0
-5888.671875
3490.641846
-6604.883301
0.000081
-1.989436
-27.130327
0
-5835.380371
3463.152832
-6606.966309
0.000081
-1.989436
-27.285692
0
-5782.137207
3435.570068
-6609.049316
0.000081
-1.989436
-27.386526
0
-5728.967773
3407.844971
-6611.132324
0.000081
-1.989436
-27.539669
0
-5675.90332
3379.916504
-6613.17041
0.000081
-1.946406
-27.758358
0
-5622.876465
3351.916504
-6615.208496
0.000081
-1.946406
-27.835541
0
-5569.964355
3323.700439
-6617.246582
0.000081
-1.946406
-28.069157
0
-5517.127441
3295.340576
-6619.240723
0.000081
-1.904544
-28.224464
0
-5464.429688
3266.723145
-6621.234863
0.000081
-1.904544
-28.503914
0
-5411.842773
3237.893799
-6623.098633
0.000081
-1.780152
-28.732491
0
-5359.350098
3208.893311
-6624.962402
0.000081
-1.780152
-28.919218
0
-5306.963867
3179.700684
-6626.826172
0.000081
-1.780152
-29.128944
0
-5254.628906
3150.413086
-6628.646484
0.000081
-1.738345
-29.23218
0
-5202.391602
3120.950195
-6630.437988
0.000081
-1.710969
-29.42379
0
-5150.210938
3091.387207
-6632.229492
0.000081
-1.710969
-29.533876
0
-5098.105957
3061.690674
-6634.020996
0.000081
-1.710969
-29.680496
0
-5046.069336
3031.869385
-6635.722656
0.000081
-1.625141
-29.816448
0
-4994.064453
3001.99292
-6637.424316
0.000081
-1.625141
-29.877178
0
-4942.165039
2971.931641
-6639.08252
0.000081
-1.583675
-30.080257
0
-4890.294434
2941.820313
-6640.740723
0.000081
-1.583675
-30.135677
0
-4838.479492
2911.613281
-6642.398926
0.000081
-1.583675
-30.241293
0
-4786.690918
2881.358887
-6644.013184
0.000081
-1.541738
-30.293192
0
-4734.931152
2851.055176
-6645.627441
0.000081
-1.541738
-30.347527
0
-4683.199707
2820.703369
-6647.241699
0.000081
-1.541738
-30.400959
0
-4631.494629
2790.305908
-6648.855957
0.000081
-1.541738
-30.451349
0
-4579.878418
2759.755615
-6650.424805
0.000081
-1.498058
-30.620174
0
-4528.262207
2729.205322
-6651.993652
0.000081
-1.498058
-30.620174
0
-4476.763184
2698.458496
-6653.5625
0.000081
-1.498058
-30.838774
0
-4425.356445
2667.557129
-6655.131348
0.000081
-1.498058
-31.010834
0
-4374.070313
2636.452148
-6656.608398
0.000081
-1.410584
-31.236778
0
-4322.876465
2605.195313
-6658.085449
0.000081
-1.410584
-31.406483
0
-4271.762207
2573.806396
-6659.519531
0.000081
-1.369774
-31.553823
0
-4220.804688
2542.160889
-6660.893555
0.000081
-1.312346
-31.840967
0
-4169.932129
2510.37915
-6662.267578
0.000081
-1.312346
-31.994291
0
-4119.19873
2478.374023
-6663.598633
0.000081
-1.271057
-32.245728
0
-4068.597168
2446.1604
-6664.929688
0.000081
-1.271057
-32.481392
0
-4018.145752
2413.70874
-6666.171387
0.000081
-1.185666
-32.750305
0
-3967.878174
2380.970947
-6667.356445
0.000081
-1.131537
-33.075066
0
-3917.756104
2348.009766
-6668.514648
0.000081
-1.106081
-33.3297
0
-3867.817627
2314.77124
-6669.672852
0.000081
-1.106081
-33.647263
0
-3818.05249
2281.271973
-6670.783691
0.000081
-1.061036
-33.946339
0
-3768.384521
2247.628906
-6671.894531
0.000081
-1.061036
-34.112167
0
-3718.835205
2213.808594
-6672.918457
0.000081
-0.977933
-34.315964
0
-3669.421143
2179.790771
-6673.942383
0.000081
-0.977933
-34.544403
0
-3620.092285
2145.648438
-6674.924316
0.000081
-0.937594
-34.68845
0
-3570.902832
2111.305664
-6675.90625
0.000081
-0.937594
-34.921677
0
-3521.782715
2076.862549
-6676.841309
0.000081
-0.893143
-35.038288
0
-3472.836914
2042.171875
-6677.776367
0.000081
-0.893143
-35.327473
0
-3423.989258
2007.343384
-6678.711426
0.000081
-0.893143
-35.488918
0
-3375.209717
1972.419434
-6679.646484
0.000081
-0.893143
-35.600887
0
-3326.430176
1937.495605
-6680.581543
0.000081
-0.893143
-35.600887
0
-3277.675293
1902.537354
-6681.516602
0.000081
-0.893143
-35.641327
0
-3228.951416
1867.535889
-6682.45166
0.000081
-0.893143
-35.692017
0
-3180.266357
1832.480225
-6683.386719
0.000081
-0.893143
-35.755768
0
-3131.643799
1797.338013
-6684.321777
0.000081
-0.893143
-35.857727
0
-3083.055908
1762.147827
-6685.256836
0.000081
-0.893143
-35.91433
0
-3034.503418
1726.909058
-6686.191895
0.000081
-0.893143
-35.971596
0
-2986.015869
1691.580933
-6687.126953
0.000081
-0.893143
-36.077175
0
-2937.564697
1656.202881
-6688.062012
0.000081
-0.89315
-36.13615
0
-2889.151611
1620.772827
-6688.99707
0.000081
-0.893143
-36.197662
0
-2840.738525
1585.342773
-6689.932129
0.000081
-0.893143
-36.197662
0
-2792.325439
1549.91272
-6690.867188
0.000081
-0.893143
-36.197662
0
-2743.965088
1514.410522
-6691.802246
0.000081
-0.893143
-36.282997
0
-2695.604736
1478.908325
-6692.737305
0.000081
-0.893143
-36.282997
0
-2647.271973
1443.368774
-6693.672363
0.000081
-0.893143
-36.327297
0
-2598.973389
1407.782471
-6694.607422
0.000081
-0.893143
-36.38274
0
-2550.709961
1372.147705
-6695.496582
0.000081
-0.849177
-36.439831
0
-2502.446289
1336.512939
-6696.385742
0.000081
-0.849177
-36.439831
0
-2454.23584
1300.806274
-6697.274902
0.000081
-0.849177
-36.525208
0
-2406.025391
1265.099609
-6698.164063
0.000081
-0.849177
-36.525208
0
-2357.814941
1229.392944
-6699.053223
0.000081
-0.849177
-36.525208
0
-2309.604492
1193.686279
-6699.942383
0.000081
-0.849177
-36.525208
0
-2261.394043
1157.979614
-6700.831543
0.000081
-0.849177
-36.525208
0
-2213.183594
1122.272949
-6701.720703
0.000081
-0.849177
-36.525208
0
-2164.973145
1086.566284
-6702.609863
0.000081
-0.849177
-36.525208
0
-2116.762695
1050.859619
-6703.499023
0.000081
-0.849177
-36.525208
0
-2068.552246
1015.152954
-6704.388184
0.000081
-0.849177
-36.525208
0
-2020.341797
979.446289
-6705.277344
0.000081
-0.849177
-36.525208
0
-1972.131348
943.739624
-6706.166504
0.000081
-0.849177
-36.525208
0
-1923.920898
908.032959
-6707.055664
0.000081
-0.849177
-36.525208
0
-1875.710449
872.326294
-6707.944824
0.000081
-0.849177
-36.525208
0
-1827.5
836.619629
-6708.833984
0.000081
-0.849177
-36.525208
0
-1779.289551
800.912964
-6709.723145
0.000081
-0.849177
-36.525208
0
-1731.079102
765.206299
-6710.612305
0.000081
-0.849177
-36.525208
0
-1682.868652
729.499634
-6711.501465
0.000081
-0.849177
-36.525208
0
-1634.658203
693.792969
-6712.390625
0.000081
-0.849177
-36.525208
0
-1586.447754
658.086304
-6713.279785
0.000081
-0.849177
-36.525208
0
-1538.237305
622.379639
-6714.168945
0.000081
-0.849177
-36.525208
0
-1490.026855
586.672974
-6715.058105
0.000081
-0.849177
-36.525208
0
-1441.816406
550.966309
-6715.947266
0.000081
-0.849177
-36.525208
0
-1393.605957
515.259644
-6716.836426
0.000081
-0.849177
-36.525208
0
-1345.395508
479.552948
-6717.725586
0.000081
-0.849177
-36.525208
0
-1297.185059
443.846252
-6718.614746
0.000081
-0.849177
-36.525208
0
-1248.974609
408.139557
-6719.503906
0.000081
-0.849177
-36.525208
0
-1200.76416
372.432861
-6720.393066
0.000081
-0.849177
-36.525208
0
-1152.553711
336.726166
-6721.282227
0.000081
-0.849177
-36.525208
