CloudWH
800
100
CloudWH
saf
589.297974
-84.851753
1356.914673
0.0
0.0
-7.295454
9683.450195
-3402.208008
1844.911133
saf
0
59.155621
-10.030581
900.009033
0.0
0.008613
-9.623713
0
118.341934
-19.878433
900.02301
0.0
0.013367
-9.446774
0
177.562531
-29.517971
900.046204
0.0
0.02213
-9.245172
0
236.824112
-38.902176
900.079163
0.0
0.031446
-8.998219
0
296.128998
-48.008636
900.126404
0.0
0.045086
-8.729787
0
355.477631
-56.825546
900.183228
-0.0
0.054252
-8.450152
0
414.873657
-65.317268
900.250122
0.0
0.063903
-8.136337
0
474.320984
-73.44191
900.331299
-0.0
0.077516
-7.782397
0
534.166321
-77.740753
900.572693
0.0
0.230539
-4.108645
0
594.033203
-81.728462
900.814087
0.0
0.230539
-3.810824
0
653.918945
-85.420746
901.0755
0.0
0.24963
-3.528139
0
713.820129
-88.852623
901.341858
0.0
0.254329
-3.279024
0
773.733215
-92.068924
901.622253
-0.0
0.267771
-3.072845
0
833.64856
-95.241852
901.913513
0.0
0.278139
-3.031374
0
893.563904
-98.41478
902.204773
0.0
0.278139
-3.031374
0
953.479248
-101.587708
902.496033
0.0
0.278139
-3.031374
0
1013.394592
-104.760635
902.787292
0.0
0.278139
-3.031374
0
1073.309937
-107.933563
903.078552
0.0
0.278139
-3.031374
0
1133.22522
-111.106491
903.369812
0.0
0.278139
-3.031374
0
1193.140503
-114.279419
903.661072
0.0
0.278139
-3.031374
0
1253.055786
-117.452347
903.952332
0.0
0.278139
-3.031374
0
1312.971069
-120.625275
904.243591
0.0
0.278139
-3.031374
0
1372.958008
-119.39727
904.472229
0.0
0.218341
1.17275
0
1432.935181
-117.75547
904.677063
0.0
0.195623
1.568009
0
1492.897339
-115.633537
904.856384
0.0
0.171219
2.02673
0
1552.836792
-112.942535
905.013123
0.0
0.149684
2.57059
0
1610.99231
-98.18232
905.2771
0.0
0.252082
14.241328
0
1669.088745
-83.191574
905.555054
0.0
0.265448
14.468578
0
1727.121704
-67.956963
905.84845
0.0
0.280181
14.709233
0
1785.079834
-52.440403
906.157227
0.0
0.294839
14.987803
0
1842.963989
-36.650768
906.489075
0.0
0.316887
15.257958
0
1900.783569
-20.626457
906.836792
0.0
0.332029
15.490405
0
1957.945557
-2.396563
907.255554
-0.0
0.399901
17.688347
0
2015.011597
16.131489
907.679565
0.0
0.404887
17.987459
0
2071.989014
34.930046
908.112915
0.0
0.413787
18.259285
0
2128.866211
54.029289
908.560181
0.0
0.42714
18.561947
0
2185.644043
73.421478
909.017639
0.0
0.436825
18.857327
0
2242.319336
93.110992
909.493835
0.0
0.454754
19.157686
0
2297.23999
117.256477
910.345093
0.0
0.812909
23.732346
0
2352.072998
141.599945
911.210449
0.0
0.826398
23.939133
0
2406.808105
166.162216
912.091125
0.0
0.841015
24.168068
0
2461.431396
190.970917
912.996399
0.0
0.864511
24.426443
0
2513.535156
220.699631
914.17804
0.0
1.12847
29.707649
0
2565.328125
250.966675
915.363953
0.0
1.132555
30.301464
0
2616.834961
281.717438
916.564941
0.0
1.146918
30.838221
0
2668.139648
312.80365
917.776367
0.0
1.156884
31.212246
0
2719.36084
344.027588
918.987793
-0.0
1.156884
31.366171
0
2769.206787
377.392639
920.455994
0.0
1.402197
33.796932
0
2818.811768
411.112427
921.980774
0.0
1.45621
34.206593
0
2868.203857
445.14093
923.55426
0.0
1.502717
34.564762
0
2917.395752
479.456482
925.16864
0.0
1.541785
34.899124
0
2966.395996
514.043701
926.815186
0.0
1.572528
35.216728
0
3015.217529
548.881042
928.49646
0.0
1.605689
35.510403
0
3063.869141
583.954041
930.201904
0.0
1.628802
35.787868
0
3110.775391
621.323608
932.025696
0.0
1.741842
38.543858
0
3157.528564
658.883972
933.859436
-0.0
1.75137
38.777489
0
3204.122559
696.640564
935.713806
-0.0
1.771068
39.018925
0
3250.573486
734.572327
937.582031
0.0
1.784298
39.234982
0
3296.869629
772.691772
939.470947
0.0
1.804065
39.467335
0
3343.005859
811.003723
941.377747
0.0
1.821147
39.706482
0
3387.854736
850.807617
943.43219
0.0
1.962218
41.589432
0
3432.612305
890.713379
945.50238
0.0
1.977292
41.720161
0
3477.269531
930.730591
947.590759
0.0
1.994661
41.863487
0
3521.813965
970.872437
949.696533
-0.0
2.011272
42.024132
0
3566.265137
1011.116638
951.817139
0.0
2.025431
42.156364
0
3610.635986
1051.448486
953.951965
0.0
2.039037
42.269928
0
3653.406738
1093.468506
956.18158
0.000001
2.129619
44.492611
0
3696.035889
1135.631958
958.415955
0.000001
2.134147
44.685196
0
3738.51709
1177.943726
960.665649
0.000001
2.148798
44.885429
0
3780.842773
1220.410034
962.93573
0.000001
2.168298
45.095078
0
3823.023926
1263.018921
965.224731
0.000001
2.186343
45.289158
0
3865.048096
1305.78186
967.52417
-0.0
2.196343
45.499214
0
3906.890381
1348.722412
969.833374
0.000001
2.205687
45.742252
0
3946.718018
1393.522949
972.416443
0.000001
2.467419
48.362846
0
3986.369873
1438.477417
975.028137
0.000001
2.494761
48.586182
0
4025.843506
1483.586792
977.667908
0.000001
2.521631
48.811863
0
4065.186523
1528.809082
980.328674
0.000001
2.541643
48.977089
0
4104.427246
1574.119385
983.003845
0.000001
2.555474
49.106152
0
4143.56543
1619.517334
985.689392
0.000001
2.565371
49.234821
0
4182.599121
1665.004883
988.380066
0.000001
2.570241
49.366425
0
4221.21582
1710.84375
991.128235
0.000002
2.625231
49.887676
0
4259.850098
1756.66748
993.881042
0.000002
2.629657
49.865566
0
4298.53418
1802.448364
996.64325
0.000001
2.638645
49.802624
0
4337.268555
1848.186768
999.405457
0.000002
2.638645
49.739719
0
4376.067383
1893.87085
1002.167664
0.000001
2.638645
49.659363
0
4414.950684
1939.483032
1004.924805
0.000002
2.633816
49.553112
0
4453.919922
1985.022583
1007.672974
0.000002
2.625231
49.445709
0
4494.302734
2029.321533
1010.288025
0.000002
2.497991
47.647793
0
4534.769531
2073.544678
1012.888916
0.000002
2.484474
47.539623
0
4575.310059
2117.700439
1015.479309
0.000002
2.47442
47.444042
0
4615.911621
2161.801025
1018.055176
0.000002
2.460541
47.365395
0
4656.585938
2205.835449
1020.621216
0.000002
2.451157
47.2715
0
4697.348145
2249.788818
1023.175903
0.000002
2.440256
47.157066
0
4739.661621
2292.260498
1025.569458
0.000002
2.28631
45.106964
0
4782.099121
2334.608643
1027.953857
0.000002
2.277479
44.939423
0
4824.669434
2376.82373
1030.333008
0.000002
2.272486
44.759853
0
4867.384277
2418.893066
1032.707031
0.000002
2.267589
44.563828
0
4910.255371
2460.803223
1035.075806
0.000002
2.262623
44.35062
0
4953.285156
2502.550781
1037.439453
0.000002
2.257685
44.133564
0
4996.463867
2544.144287
1039.803101
0.000002
2.257685
43.92865
0
5041.092285
2584.179199
1042.151367
0.000002
2.243048
41.894585
0
5085.826172
2624.096191
1044.499634
0.000002
2.243048
41.743351
0
5130.671875
2663.887451
1046.8479
0.000002
2.243048
41.582546
0
5175.623535
2703.558838
1049.196167
0.000002
2.243048
41.429523
0
5220.68457
2743.105713
1051.549438
0.000002
2.247836
41.271122
0
5265.873535
2782.506348
1053.907593
0.000002
2.25248
41.085392
0
5311.197754
2821.750488
1056.275635
0.000002
2.261885
40.887814
0
5358.061523
2859.137207
1058.734009
0.000002
2.348191
38.581936
0
5405.068359
2896.343262
1061.202759
0.000001
2.358198
38.361771
0
5452.225586
2933.357422
1063.681763
0.000001
2.367917
38.128532
0
5499.580078
2970.116943
1066.193481
0.000002
2.399193
37.820915
0
5547.112305
3006.644531
1068.732178
0.000001
2.425045
37.541641
0
5594.81543
3042.946045
1071.298828
0.000001
2.451689
37.270565
0
5644.123535
3077.036621
1073.8573
0.000002
2.443937
34.659065
0
5693.549316
3110.956299
1076.415771
0.000002
2.443937
34.460991
0
5743.117676
3144.66748
1078.974243
0.000002
2.443937
34.219456
0
5792.821289
3178.178711
1081.532715
0.000002
2.443937
33.988571
0
5842.680664
3211.457275
1084.096558
0.000002
2.448992
33.721001
0
5892.708008
3244.482422
1086.666016
0.000002
2.454367
33.43063
0
5942.87207
3277.299072
1089.244385
0.000002
2.462877
33.192348
0
5993.182617
3309.890381
1091.822754
0.000002
2.462877
32.935326
0
6044.65332
3340.619629
1094.369507
0.000002
2.432654
30.83823
0
6096.239746
3371.154297
1096.91626
0.000002
2.432654
30.621925
0
6147.97168
3401.44165
1099.463013
0.000002
2.432654
30.347509
0
6199.831543
3431.508545
1102.015015
0.000002
2.437681
30.103907
0
6251.817871
3461.355469
1104.576782
0.000002
2.447004
29.861486
0
6303.943359
3490.958008
1107.153809
0.000002
2.461655
29.592632
0
6356.195801
3520.335205
1109.73584
0.000002
2.466408
29.345432
0
6409.601563
3547.550049
1112.418579
0.000001
2.562714
27.002745
0
6463.112793
3574.556396
1115.101318
0.000001
2.562714
26.779247
0
6516.738281
3601.334717
1117.789551
0.000001
2.567905
26.53569
0
6570.46875
3627.901123
1120.483032
0.000002
2.572925
26.309387
0
6624.302246
3654.257324
1123.185669
0.000002
2.581695
26.085621
0
6678.240234
3680.397217
1125.90271
0.000001
2.595458
25.856159
0
6732.312988
3706.256348
1128.630005
0.000002
2.605218
25.558374
0
6786.516602
3731.840088
1131.3573
0.000002
2.605218
25.266855
0
6841.43457
3755.850342
1134.103882
0.000001
2.623708
23.615034
0
6896.419922
3779.705811
1136.850464
0.000001
2.623708
23.453661
0
6951.473633
3803.402588
1139.597046
0.000001
2.623708
23.288412
0
7006.597168
3826.936035
1142.348633
0.000001
2.628523
23.118561
0
7061.805664
3850.268311
1145.105591
0.000001
2.633611
22.909882
0
7117.117676
3873.352539
1147.878052
0.000001
2.648412
22.653
0
7172.552734
3896.138428
1150.66748
0.000001
2.664648
22.344574
0
7228.101563
3918.64502
1153.456909
0.000001
2.664648
22.056137
0
7283.753906
3940.894775
1156.246338
0.000001
2.664648
21.791403
0
7340.336914
3960.657227
1159.040894
0.000002
2.669586
19.252455
0
7396.983398
3980.237061
1161.835449
0.000002
2.669586
19.067665
0
7453.700195
3999.611816
1164.630005
0.000002
2.669586
18.860422
0
7510.502441
4018.734375
1167.42981
0.000002
2.674579
18.605846
0
7567.385742
4037.614258
1170.229614
0.000002
2.674579
18.361275
0
7624.359863
4056.218018
1173.029419
0.000002
2.674579
18.083401
0
7681.444336
4074.480469
1175.829224
0.000002
2.674579
17.740553
0
7739.145996
4090.685303
1178.643799
0.000002
2.688677
15.686843
0
7796.890137
4106.737793
1181.458374
0.000002
2.688677
15.535696
0
7854.674805
4122.644043
1184.272949
0.000002
2.688677
15.390427
0
7912.486328
4138.452148
1187.087524
0.000002
2.688677
15.293464
0
7970.312012
4154.210449
1189.896851
0.000002
2.683691
15.243774
0
8028.138672
4169.963867
1192.706177
0.000002
2.683691
15.238834
0
8085.965332
4185.717285
1195.515503
0.000002
2.683691
15.238834
0
8143.793457
4201.46582
1198.324829
0.000002
2.683691
15.234279
0
8201.624023
4217.205566
1201.134155
0.000002
2.683691
15.225575
0
8259.464844
4232.910156
1203.934326
0.000002
2.674914
15.190526
0
8317.316406
4248.575684
1206.724243
0.000002
2.665181
15.151649
0
8375.171875
4264.226563
1209.51416
0.000002
2.665181
15.137039
0
8433.027344
4279.877441
1212.304077
0.000002
2.665181
15.137039
0
8490.882813
4295.52832
1215.093994
0.000002
2.665181
15.137039
0
8548.738281
4311.179199
1217.883911
0.000002
2.665181
15.137039
0
8606.59375
4326.830078
1220.673828
0.000002
2.665181
15.137039
0
8664.449219
4342.480957
1223.458496
0.000002
2.66012
15.137059
0
8722.304688
4358.131836
1226.243164
0.000002
2.66012
15.137059
0
8780.176758
4373.742188
1228.918335
0.000002
2.555419
15.09574
0
8838.048828
4389.352539
1231.593506
0.000002
2.555419
15.09574
0
8895.920898
4404.962891
1234.268677
0.000002
2.555419
15.09574
0
8953.792969
4420.573242
1236.943848
0.000002
2.555419
15.09574
0
9011.665039
4436.183594
1239.619019
0.000002
2.555419
15.09574
0
9069.537109
4451.793945
1242.294189
0.000002
2.555419
15.09574
0
9127.40918
4467.404297
1244.96936
0.000002
2.555419
15.09574
0
9185.28125
4483.014648
1247.644531
0.000002
2.555419
15.09574
0
9243.15332
4498.625
1250.319702
0.000002
2.555419
15.09574
0
9301.025391
4514.235352
1252.994873
0.000002
2.555419
15.09574
0
9358.897461
4529.845703
1255.670044
0.000002
2.555419
15.09574
0
9416.769531
4545.456055
1258.345215
0.000002
2.555419
15.09574
0
9474.641602
4561.066406
1261.020386
0.000002
2.555419
15.09574
0
9533.375
4573.094727
1263.409302
0.000002
2.281823
11.573873
0
9592.144531
4584.948242
1265.788818
0.000002
2.272834
11.403167
0
9650.958008
4596.587402
1268.147461
0.000002
2.252917
11.194215
0
9709.8125
4608.020508
1270.490356
0.000002
2.23785
10.993477
0
9768.712891
4619.213867
1272.816528
0.000002
2.221929
10.759979
0
9827.649414
4630.21875
1275.133179
0.000002
2.212756
10.576591
0
9886.629883
4640.987305
1277.438599
0.000002
2.202073
10.347004
0
9945.658203
4651.494141
1279.73877
0.000002
2.197087
10.092822
0
10004.989258
4660.151367
1281.948853
0.000002
2.110979
8.301741
0
10064.334961
4668.708008
1284.153564
0.000002
2.105877
8.204687
0
10123.691406
4677.192871
1286.358276
0.000002
2.105877
8.135157
0
10183.055664
4685.618164
1288.562988
0.000002
2.105877
8.077796
0
10242.424805
4694.013672
1290.7677
0.000002
2.105877
8.048983
0
10301.797852
4702.376465
1292.972412
0.000002
2.105877
8.017228
0
10361.180664
4710.671875
1295.182373
0.000002
2.110815
7.952407
0
10420.577148
4718.864258
1297.397827
0.000002
2.116034
7.853198
0
10479.990234
4726.9375
1299.613281
0.000002
2.116034
7.738034
0
10539.571289
4733.658203
1301.838745
0.000002
2.125678
6.435661
0
10599.177734
4740.152344
1304.054321
0.000002
2.116163
6.21799
0
10658.810547
4746.394531
1306.269897
0.000002
2.116163
5.975918
0
10718.46875
4752.395996
1308.485474
0.000002
2.116163
5.744445
0
10778.151367
4758.14209
1310.71814
0.000002
2.132508
5.499131
0
10837.859375
4763.615234
1312.966309
0.000002
2.147316
5.237527
0
10897.601563
4768.6875
1315.224731
0.000002
2.157179
4.8528
0
10957.388672
4773.20459
1317.4729
0.000002
2.147316
4.320812
0
11017.194336
4777.477051
1319.715698
0.000002
2.142193
4.086146
0
11077.0
4781.749512
1321.958496
0.000002
2.142193
4.086146
0
11136.805664
4786.021973
1324.201294
0.000002
2.142193
4.086146
0
11196.617188
4790.220703
1326.439209
0.000002
2.137494
4.015568
0
11256.453125
4794.070313
1328.638184
0.000002
2.100317
3.680991
0
11316.311523
4797.585449
1330.789307
0.000002
2.054569
3.360823
0
11376.193359
4800.714844
1332.875977
0.000002
1.993022
2.991563
0
11436.09668
4803.410156
1334.962646
0.000002
1.993022
2.576039
0
11496.015625
4805.725586
1337.049316
0.000002
1.993022
2.212935
0
11555.969727
4804.349121
1338.960083
0.000002
1.824944
-1.315246
0
11615.916016
4802.645996
1340.856445
0.000002
1.811175
-1.627533
0
11675.849609
4800.554688
1342.747681
0.000002
1.806284
-1.998444
0
11735.765625
4798.000977
1344.638916
0.000002
1.806284
-2.440552
0
11795.658203
4794.955566
1346.535889
0.000002
1.811803
-2.911041
0
11855.529297
4791.515625
1348.432861
0.000002
1.811803
-3.288178
0
11915.376953
4787.687012
1350.329834
0.000002
1.811803
-3.660494
0
11974.837891
4779.866699
1352.138306
0.000002
1.727286
-7.492814
0
12034.254883
4771.719238
1353.946777
0.000002
1.72728
-7.807817
0
12093.612305
4763.147949
1355.755249
0.000002
1.727286
-8.216754
0
12152.905273
4754.143066
1357.568848
0.000002
1.732143
-8.63567
0
12212.111328
4744.584961
1359.382446
0.000002
1.732143
-9.170799
0
12271.246094
4734.597168
1361.190552
0.000002
1.726836
-9.586544
0
12330.331055
4724.312988
1362.993774
0.000002
1.722198
-9.874049
0
12388.661133
4710.376953
1364.833252
0.000002
1.756875
-13.437143
0
12446.917969
4696.137207
1366.672729
0.000002
1.756875
-13.735666
0
12505.102539
4681.603516
1368.512207
0.000002
1.756875
-14.024788
0
12563.22168
4666.812988
1370.351685
0.000002
1.756875
-14.278144
0
12621.277344
4651.774414
1372.191162
0.000002
1.756875
-14.522646
0
12678.118164
4632.661621
1374.156006
0.000002
1.876642
-18.585373
0
12734.864258
4613.27002
1376.12561
0.000002
1.881184
-18.866707
0
12791.505859
4593.577637
1378.107178
0.000002
1.892645
-19.170658
0
12848.056641
4573.627441
1380.099121
0.000002
1.902508
-19.432133
0
12904.504883
4553.389648
1382.107056
0.000003
1.917828
-19.723511
0
12960.852539
4532.875
1384.136475
0.000003
1.938326
-20.005302
0
13017.083008
4512.043457
1386.187378
0.000003
1.958816
-20.327993
0
13072.354492
4488.797363
1388.347046
0.000002
2.062751
-22.810331
0
13127.541992
4465.354004
1390.521606
0.000002
2.077047
-23.015408
0
13182.624023
4441.665039
1392.718994
0.000002
2.098821
-23.271233
0
13237.615234
4417.769043
1394.943237
0.000002
2.124489
-23.486809
0
13292.505859
4393.64502
1397.19397
0.000002
2.14985
-23.725182
0
13347.28418
4369.27002
1399.473389
0.000002
2.177212
-23.987808
0
13401.060547
4342.771484
1401.90918
0.000002
2.326704
-26.231895
0
13454.760742
4316.119629
1404.355103
0.000002
2.336341
-26.395712
0
13508.352539
4289.252441
1406.818604
0.000002
2.353171
-26.625906
0
13561.833984
4262.167969
1409.299194
0.000002
2.36944
-26.859035
0
13615.18457
4234.828613
1411.802246
0.000002
2.390894
-27.132505
0
13668.361328
4207.156738
1414.343384
0.000002
2.427353
-27.491125
0
13721.358398
4179.144531
1416.911987
0.000002
2.453609
-27.858898
0
13772.527344
4147.939941
1419.748291
0.000002
2.709495
-31.376614
0
13823.503906
4116.425781
1422.617188
0.000002
2.740661
-31.724707
0
13874.254883
4084.551758
1425.518799
0.000002
2.771889
-32.130871
0
13924.768555
4052.306885
1428.459839
0.000003
2.809666
-32.551754
0
13975.036133
4019.682617
1431.432495
0.000002
2.839828
-32.984165
0
14025.057617
3986.684814
1434.42749
0.000002
2.8612
-33.411598
0
14074.871094
3953.375732
1437.447144
0.000002
2.884751
-33.769588
0
14124.494141
3919.785156
1440.481079
0.000002
2.898466
-34.094688
0
14172.114258
3883.426514
1443.698975
0.000003
3.074275
-37.362026
0
14219.603516
3846.897461
1446.921265
0.000003
3.078564
-37.567467
0
14266.942383
3810.174072
1450.154297
0.000003
3.088796
-37.802788
0
14314.12207
3773.247803
1453.396973
0.000003
3.098092
-38.049278
0
14361.141602
3736.118164
1456.64917
0.000003
3.107108
-38.29702
0
14407.975586
3698.755859
1459.912109
0.000003
3.117448
-38.58144
0
14454.632813
3661.174072
1463.185669
0.000003
3.127619
-38.850964
0
14499.212891
3621.151855
1466.475098
0.000003
3.142747
-41.916267
0
14543.608398
3580.925049
1469.764526
0.000003
3.142747
-42.179695
0
14587.750977
3540.420166
1473.053955
0.000003
3.142747
-42.539593
0
14631.603516
3499.602539
1476.355103
0.000003
3.153942
-42.947475
0
14675.163086
3458.473633
1479.667603
0.000003
3.164823
-43.356064
0
14718.117188
3416.71582
1483.023071
0.000002
3.205899
-44.191181
0
14757.717773
3371.782959
1486.603394
0.000002
3.420948
-48.609226
0
14796.950195
3326.528564
1490.193115
0.000002
3.42995
-49.077221
0
14835.782227
3280.931152
1493.794312
0.000002
3.440912
-49.581528
0
14874.283203
3235.054688
1497.400879
0.000002
3.446151
-49.995266
0
14912.55957
3188.991455
1501.020996
0.000002
3.45906
-50.275051
0
14950.624023
3142.754395
1504.662231
0.000001
3.47925
-50.537498
0
14988.482422
3096.35083
1508.324219
0.000002
3.499085
-50.790382
0
15026.138672
3049.783691
1512.002075
0.000001
3.514337
-51.039558
0
15062.077148
3001.881348
1515.720093
0.000002
3.552682
-53.121323
0
15097.84375
2953.851074
1519.43811
0.000002
3.552682
-53.325882
0
15133.389648
2905.657471
1523.156128
0.000002
3.552682
-53.588573
0
15168.706055
2857.294678
1526.868286
0.000001
3.547156
-53.861332
0
15203.804688
2808.773193
1530.580444
0.000001
3.547156
-54.11982
0
15238.677734
2760.088379
1534.281494
0.000001
3.536439
-54.386158
0
15273.351563
2711.261719
1537.977295
0.000001
3.531454
-54.61953
0
15307.788086
2662.267334
1541.673096
0.000001
3.531454
-54.897686
0
15339.331055
2611.365967
1545.431763
0.000001
3.591648
-58.214218
0
15370.571289
2560.279053
1549.195435
0.000001
3.596443
-58.553459
0
15401.494141
2509.000244
1552.96936
0.000001
3.606169
-58.908405
0
15432.009766
2457.479492
1556.763184
0.000001
3.625252
-59.361595
0
15462.037109
2405.674805
1560.584961
0.000002
3.652006
-59.901993
0
15491.501953
2353.550781
1564.445801
0.000002
3.689395
-60.521389
0
15520.415039
2301.121338
1568.343384
0.000002
3.724543
-61.124699
0
15544.945313
2246.52417
1572.520264
0.000002
3.991815
-65.806183
0
15569.172852
2191.793457
1576.712402
0.000002
4.006418
-66.122841
0
15593.027344
2136.901123
1580.931641
0.000002
4.032352
-66.511818
0
15616.435547
2081.81958
1585.181396
0.000002
4.061654
-66.975739
0
15639.368164
2026.540527
1589.460083
0.000002
4.08933
-67.468468
0
15661.71875
1971.026489
1593.776978
0.000002
4.125912
-68.069443
0
15683.474609
1915.279053
1598.124268
0.000003
4.155043
-68.681267
0
15703.030273
1858.721069
1602.454956
0.000003
4.139135
-70.926193
0
15722.535156
1802.143311
1606.758301
0.000003
4.112907
-70.978607
0
15742.008789
1745.553711
1611.045044
0.000003
4.097082
-71.010223
0
15761.467773
1688.958496
1615.326416
0.000003
4.091939
-71.025627
0
15780.879883
1632.34729
1619.607788
0.000003
4.091939
-71.072769
0
15800.180664
1575.696777
1623.872314
0.000003
4.075724
-71.185646
0
15819.319336
1518.988159
1628.09729
0.000003
4.037926
-71.350922
0
15838.176758
1462.182251
1632.281372
0.000003
3.998768
-71.636162
0
15854.422852
1404.568115
1636.364868
0.000003
3.902503
-74.252304
0
15870.425781
1346.88562
1640.443604
0.000003
3.8979
-74.494209
0
15886.121094
1289.118286
1644.517212
0.000003
3.893044
-74.799797
0
15901.43457
1231.249023
1648.59668
0.000003
3.898597
-75.177635
0
15916.396484
1173.28833
1652.681641
0.000003
3.903863
-75.525253
0
15931.048828
1115.249023
1656.771973
0.000003
3.909033
-75.830956
0
15943.058594
1056.602783
1660.82019
0.000005
3.868721
-78.426712
0
15954.921875
997.926392
1664.86377
0.000005
3.864234
-78.570267
0
15966.605469
939.21405
1668.907349
0.000006
3.864234
-78.745186
0
15978.080078
880.460144
1672.945435
0.000006
3.859036
-78.948891
0
15989.330078
821.662781
1676.983521
0.000006
3.859036
-79.168129
0
16000.336914
762.819336
1681.021606
0.000005
3.859036
-79.405312
0
16011.022461
703.917114
1685.065552
0.000005
3.864575
-79.717751
0
16021.427734
644.964783
1689.109497
0.000005
3.864575
-79.990189
0
16028.733398
585.54541
1693.105347
0.000006
3.818547
-82.990768
0
16035.723633
526.087524
1697.091675
0.000005
3.809469
-83.294571
0
16042.353516
466.588348
1701.078003
0.000005
3.809469
-83.641647
0
16048.618164
407.049225
1705.059082
0.000005
3.804408
-83.99369
0
16054.482422
347.469025
1709.034912
0.000006
3.799409
-84.378448
0
16059.939453
287.849426
1712.999634
0.000006
3.788829
-84.769791
0
16061.208008
227.990173
1716.906128
0.000006
3.733026
-88.786346
0
16062.15918
168.124741
1720.80835
0.000006
3.728921
-89.089859
0
16062.719727
108.254028
1724.704956
0.000006
3.723662
-89.463371
0
16062.777344
48.380718
1728.601563
0.000006
3.723662
-89.94519
0
16062.34082
-11.491405
1732.49231
0.000006
3.717952
-90.417725
0
16061.598633
-71.361176
1736.372925
0.000006
3.708349
-90.710526
0
16056.859375
-131.054855
1740.14209
0.000006
3.601606
-94.539047
0
16051.753906
-190.718903
1743.901611
0.000007
3.592461
-94.891098
0
16046.217773
-250.345428
1747.646606
0.000007
3.578507
-95.304794
0
16040.232422
-309.92984
1751.371094
0.000007
3.558883
-95.73642
0
16033.803711
-369.469482
1755.072998
0.000007
3.537314
-96.162453
0
16026.94043
-428.961487
1758.760132
0.000007
3.523203
-96.580956
0
16019.625
-488.400177
1762.437378
0.000007
3.513729
-97.016708
0
16007.386719
-547.028564
1766.034668
0.000007
3.437204
-101.790688
0
15994.698242
-605.561707
1769.621826
0.000007
3.427525
-102.231148
0
15981.554688
-663.994385
1773.208984
0.000006
3.427525
-102.676872
0
15967.974609
-722.327942
1776.78479
0.000007
3.41672
-103.104652
0
15954.035156
-780.576965
1780.355103
0.000006
3.41144
-103.458176
0
15939.75293
-838.742798
1783.925415
0.000006
3.41144
-103.79583
0
15922.612305
-896.132446
1787.480591
0.000007
3.396988
-106.629082
0
15905.213867
-953.44458
1791.030884
0.000007
3.392275
-106.8871
0
15887.533203
-1010.670532
1794.57605
0.000008
3.387384
-107.169586
0
15869.580078
-1067.811646
1798.121216
0.000008
3.387384
-107.442268
0
15851.330078
-1124.858887
1801.666382
0.000007
3.387384
-107.739723
0
15832.766602
-1181.80481
1805.211548
0.000008
3.387384
-108.055069
0
15812.499023
-1238.165161
1808.778687
0.000008
3.408401
-109.779205
0
15792.018555
-1294.448486
1812.345825
0.000008
3.408401
-109.995659
0
15771.299805
-1350.644653
1815.912964
0.000008
3.408401
-110.238258
0
15750.332031
-1406.748291
1819.480103
0.000008
3.408401
-110.492699
0
15729.083984
-1462.746704
1823.041626
0.000008
3.40295
-110.779068
0
15707.546875
-1518.635132
1826.5979
0.000007
3.397944
-111.074356
0
15683.686523
-1573.573608
1830.127319
0.000007
3.372283
-113.475517
0
15659.538086
-1628.38623
1833.651978
0.000007
3.36772
-113.776489
0
15635.00293
-1683.027222
1837.170776
0.000006
3.362174
-114.181236
0
15610.114258
-1737.508057
1840.689575
0.000006
3.362174
-114.552681
0
15584.81543
-1791.800659
1844.197021
0.000006
3.351253
-114.983841
0
15559.109375
-1845.902466
1847.685913
0.000006
3.333535
-115.414566
0
15533.068359
-1899.845337
1851.154175
0.000006
3.313823
-115.769104
0
15506.658203
-1953.610107
1854.597778
0.000007
3.290211
-116.16095
0
15477.916992
-2006.175049
1857.897583
0.000007
3.152651
-118.668358
0
15448.860352
-2058.568115
1861.169678
0.000007
3.126218
-119.011971
0
15419.451172
-2110.765381
1864.414185
0.000008
3.099772
-119.397987
0
15389.707031
-2162.77417
1867.635742
0.000008
3.07784
-119.765335
0
15359.619141
-2214.585693
1870.841187
0.000008
3.062465
-120.144493
0
15329.173828
-2266.189941
1874.022339
0.000008
3.039229
-120.539253
0
15298.426758
-2317.615479
1877.186523
0.000008
3.022966
-120.875244
0
15265.647461
-2367.779541
1880.202271
0.000008
2.881035
-123.16214
0
15232.733398
-2417.855469
1883.208984
0.000008
2.872456
-123.316528
0
15199.635742
-2467.810791
1886.205566
0.000008
2.862682
-123.526611
0
15166.318359
-2517.620605
1889.191406
0.000008
2.852396
-123.778442
0
15132.727539
-2567.247803
1892.160767
0.000008
2.8367
-124.092484
0
15098.849609
-2616.68042
1895.106934
0.000008
2.814557
-124.424576
0
15064.728516
-2665.946533
1898.042236
0.000008
2.804141
-124.705696
0
15029.064453
-2714.108887
1900.95166
0.000009
2.779416
-126.519646
0
14993.292969
-2762.19165
1903.861084
0.000008
2.779416
-126.647385
0
14957.382813
-2810.170654
1906.770508
0.000009
2.779416
-126.813469
0
14921.323242
-2858.036865
1909.685303
0.000009
2.784545
-126.992447
0
14885.078125
-2905.762695
1912.600098
0.000009
2.784545
-127.214836
0
14848.600586
-2953.312012
1915.509399
0.000009
2.779211
-127.493408
0
14809.504883
-2998.735107
1918.382202
0.000009
2.744418
-130.718887
0
14770.198242
-3043.976318
1921.255005
0.000009
2.744418
-130.984512
0
14730.65332
-3089.008789
1924.127808
0.000009
2.744418
-131.287949
0
14690.858398
-3133.820801
1927.00061
0.000009
2.744418
-131.606369
0
14650.797852
-3178.395752
1929.873413
0.000009
2.744418
-131.946564
0
14610.473633
-3222.732178
1932.746216
0.000009
2.744418
-132.286438
0
14562.714844
-3258.952393
1935.429932
0.00001
2.563643
-142.823395
0
14514.776367
-3294.935303
1938.108521
0.00001
2.558746
-143.107666
0
14466.65332
-3330.671143
1940.787109
0.00001
2.558746
-143.402496
0
14418.387695
-3366.212891
1943.465698
0.00001
2.558746
-143.633072
0
14369.983398
-3401.565918
1946.144287
0.00001
2.558746
-143.856781
0
14321.452148
-3436.744873
1948.822876
0.00001
2.558746
-144.062729
0
14272.800781
-3471.758301
1951.485718
0.00001
2.543685
-144.258362
0
14222.746094
-3504.772949
1953.624878
0.00001
2.043203
-146.592194
0
14172.594727
-3537.64624
1955.672974
0.00001
1.956207
-146.755859
0
14122.327148
-3570.347168
1957.617065
0.00001
1.856794
-146.954605
0
14071.960938
-3602.902588
1959.463623
0.00001
1.763664
-147.122177
0
14021.501953
-3635.318359
1961.218018
0.00001
1.675555
-147.282837
0
13970.958008
-3667.606934
1962.879639
0.00001
1.58696
-147.428635
0
13920.3125
-3699.741455
1964.421875
0.00001
1.472889
-147.604919
0
13869.55957
-3731.713135
1965.838013
0.00001
1.352425
-147.791046
0
13818.738281
-3763.578125
1967.171265
0.00001
1.273311
-147.912292
0
13766.797852
-3793.61084
1967.604614
0.00001
0.413855
-149.963181
0
13714.704102
-3823.378418
1967.960327
0.00001
0.339699
-150.255432
0
13660.576172
-3849.255859
1967.26001
0.00001
-0.668751
-154.448746
0
13606.34668
-3874.919189
1966.501709
0.00001
-0.724143
-154.674896
0
13551.999023
-3900.328857
1965.672119
0.00001
-0.792268
-154.942108
0
13497.521484
-3925.456787
1964.779297
0.00001
-0.852592
-155.238342
0
13442.918945
-3950.310059
1963.830566
0.00001
-0.90597
-155.52655
0
13388.179688
-3974.859131
1962.829224
0.00001
-0.956233
-155.844879
0
13333.326172
-3999.148682
1961.782227
0.00001
-0.999817
-156.116013
0
13277.144531
-4020.142822
1960.094849
0.00001
-1.611563
-159.510132
0
13220.875977
-4040.897705
1958.352783
0.00001
-1.663718
-159.75351
0
13164.505859
-4061.37085
1956.541748
0.00001
-1.729704
-160.039352
0
13108.033203
-4081.553223
1954.653564
0.00001
-1.803341
-160.333862
0
13051.451172
-4101.416992
1952.68811
0.00001
-1.87723
-160.655853
0
12994.749023
-4120.92627
1950.631958
0.00001
-1.963898
-161.013351
0
12937.923828
-4140.067383
1948.49707
0.00001
-2.039125
-161.384171
0
12879.956055
-4155.255371
1945.486084
0.000011
-2.876459
-165.317841
0
12821.910156
-4170.132324
1942.433228
0.000011
-2.916463
-165.624619
0
12763.739258
-4184.49707
1939.307495
0.000011
-2.986206
-166.128845
0
12705.457031
-4198.384766
1936.099243
0.000011
-3.065122
-166.597107
0
12647.071289
-4211.809082
1932.797119
0.000011
-3.154844
-167.051392
0
12588.609375
-4224.876953
1929.424194
0.000011
-3.222585
-167.399826
0
12530.067383
-4237.562988
1925.982056
0.000011
-3.288838
-167.773254
0
12470.930664
-4246.92041
1922.072144
0.000011
-3.736325
-171.008331
0
12411.750977
-4255.994141
1918.137573
0.000011
-3.759978
-171.282837
0
12352.522461
-4264.726074
1914.168945
0.000011
-3.79251
-171.613434
0
12293.243164
-4273.085449
1910.164551
0.000012
-3.826798
-171.973465
0
12233.913086
-4281.063965
1906.123779
0.000012
-3.861543
-172.340805
0
12174.104492
-4283.19873
1901.832397
0.000012
-4.101501
-177.955688
0
12114.285156
-4284.953613
1897.524902
0.000012
-4.116883
-178.319519
0
12054.455078
-4286.253906
1893.205811
0.000012
-4.12805
-178.755035
0
11994.618164
-4287.112793
1888.874634
0.000012
-4.139606
-179.177597
0
11934.939453
-4283.070313
1884.175903
0.000012
-4.491573
176.124908
0
11875.291992
-4278.615234
1879.446045
0.000012
-4.521421
175.72847
0
11815.685547
-4273.689941
1874.668945
0.000012
-4.566617
175.276352
0
11756.121094
-4268.32373
1869.839722
0.000012
-4.616518
174.852158
0
11696.604492
-4262.49707
1864.957275
0.000012
-4.667519
174.40831
0
11637.141602
-4256.182617
1860.027588
0.000012
-4.712796
173.938293
0
11577.963867
-4247.744629
1854.856079
0.000011
-4.944558
171.885178
0
11518.824219
-4239.041504
1849.679932
0.000011
-4.94897
171.628052
0
11459.742188
-4229.958984
1844.503784
0.000011
-4.948964
171.260529
0
11400.726563
-4220.455566
1839.321777
0.000012
-4.954612
170.851959
0
11341.785156
-4210.506348
1834.134277
0.000011
-4.959892
170.418762
0
11283.839844
-4195.845215
1828.903442
0.000011
-5.001467
165.801071
0
11225.980469
-4180.846191
1823.672607
0.000011
-5.001467
165.466736
0
11168.217773
-4165.479492
1818.441772
0.000011
-5.001467
165.10257
0
11110.567383
-4149.697266
1813.216553
0.000011
-4.996085
164.690231
0
11053.025391
-4133.521484
1807.996704
0.000011
-4.990874
164.298447
0
10997.102539
-4112.402344
1802.838745
0.000012
-4.931588
159.311264
0
10941.30957
-4090.940186
1797.685181
0.000012
-4.927387
158.95932
0
10885.707031
-4068.990234
1792.531616
0.000012
-4.927407
158.457642
0
10830.291016
-4046.577393
1787.366821
0.000012
-4.938083
157.979355
0
10775.049805
-4023.738037
1782.191406
0.000012
-4.948362
157.537552
0
10719.964844
-4000.526855
1777.01062
0.000012
-4.953458
157.15094
0
10666.824219
-3973.12207
1772.007202
0.000012
-4.783448
152.719894
0
10613.820313
-3945.449219
1767.025269
0.000013
-4.762848
152.431259
0
10560.966797
-3917.488037
1762.059937
0.000012
-4.747008
152.119751
0
10508.258789
-3889.248535
1757.12207
0.000013
-4.72061
151.818863
0
10455.69043
-3860.746582
1752.203369
0.000013
-4.702237
151.534088
0
10403.709961
-3831.15332
1747.483032
0.000012
-4.512235
150.346359
0
10351.729492
-3801.560059
1742.762695
0.000012
-4.512235
150.346359
0
10299.749023
-3771.966797
1738.042358
0.000012
-4.512235
150.346359
0
10247.768555
-3742.373535
1733.322021
0.000012
-4.512235
150.346359
0
10195.791992
-3712.776123
1728.591064
0.000012
-4.522398
150.341232
0
10143.849609
-3683.12085
1723.843262
0.000012
-4.538503
150.27681
0
10091.96582
-3653.364258
1719.085327
0.000012
-4.548271
150.164536
0
10040.09375
-3623.588867
1714.316406
0.000012
-4.558803
150.143433
0
9990.055664
-3590.759521
1710.019287
0.000011
-4.106986
146.731354
0
9940.196289
-3557.65625
1705.746582
0.000011
-4.08362
146.418213
0
9890.523438
-3524.271973
1701.489136
0.000011
-4.068928
146.095337
0
9841.014648
-3490.643799
1697.24353
0.000011
-4.057679
145.814209
0
9791.587891
-3456.893799
1693.005249
0.000011
-4.05063
145.67337
0
9742.165039
-3423.138672
1688.766968
0.000011
-4.05063
145.667374
