0
0.0
0.0
900.0
0.0
0.0
-10.000045
0
59.088459
-10.418922
900.0
0.0
0.0
-10.000045
0
118.176918
-20.837845
900.0
0.0
0.0
-10.000045
0
177.265381
-31.256767
900.0
0.0
0.0
-10.000045
0
236.353836
-41.67569
900.0
0.0
0.0
-10.000045
0
295.442291
-52.094612
900.0
0.0
0.0
-10.000045
0
354.530762
-62.513535
900.0
0.0
0.0
-10.000045
0
413.619232
-72.932457
900.0
0.0
0.0
-10.000045
0
472.707703
-83.351379
900.0
0.0
0.0
-10.000045
0
531.796143
-93.770302
900.0
0.0
0.0
-10.000045
0
590.884583
-104.189224
900.0
0.0
0.0
-10.000045
0
649.973022
-114.608147
900.0
0.0
0.0
-10.000045
0
709.061462
-125.027069
900.0
0.0
0.0
-10.000045
0
768.149902
-135.445984
900.0
0.0
0.0
-10.000045
0
827.238342
-145.864899
900.0
0.0
0.0
-10.000045
0
886.326782
-156.283813
900.0
0.0
0.0
-10.000045
0
945.415222
-166.702728
900.0
0.0
0.0
-10.000045
0
1004.503662
-177.121643
900.0
0.0
0.0
-10.000045
0
1063.592163
-187.540558
900.0
0.0
0.0
-10.000045
0
1122.680664
-197.959473
900.0
0.0
0.0
-10.000045
0
1181.769165
-208.378387
900.0
0.0
0.0
-10.000045
0
1240.857666
-218.797302
900.0
0.0
0.0
-10.000045
0
1299.946167
-229.216217
900.0
0.0
0.0
-10.000045
0
1359.034668
-239.635132
900.0
0.0
0.0
-10.000045
0
1418.123169
-250.054047
900.0
0.0
0.0
-10.000045
0
1477.21167
-260.472961
900.0
0.0
0.0
-10.000045
0
1536.300171
-270.891876
900.0
0.0
0.0
-10.000045
0
1595.388672
-281.310791
900.0
0.0
0.0
-10.000045
0
1654.477173
-291.729706
900.0
0.0
0.0
-10.000045
0
1713.565674
-302.148621
900.0
0.0
0.0
-10.000045
0
1772.654175
-312.567535
900.0
0.0
0.0
-10.000045
0
1831.742676
-322.98645
900.0
0.0
0.0
-10.000045
0
1890.831177
-333.405365
900.0
0.0
0.0
-10.000045
0
1949.919678
-343.82428
900.0
0.0
0.0
-10.000045
0
2009.008179
-354.243195
900.0
0.0
0.0
-10.000045
0
2068.09668
-364.662109
900.0
0.0
0.0
-10.000045
0
2127.185059
-375.081024
900.0
0.0
0.0
-10.000045
0
2186.273438
-385.499939
900.0
0.0
0.0
-10.000045
0
2245.361816
-395.918854
900.0
0.0
0.0
-10.000045
0
2304.450195
-406.337769
900.0
0.0
0.0
-10.000045
0
2363.538574
-416.756683
900.0
0.0
0.0
-10.000045
0
2422.626953
-427.175598
900.0
0.0
0.0
-10.000045
0
2481.715332
-437.594513
900.0
0.0
0.0
-10.000045
0
2540.803711
-448.013428
900.0
0.0
0.0
-10.000045
0
2599.89209
-458.432343
900.0
0.0
0.0
-10.000045
0
2658.980469
-468.851257
900.0
0.0
0.0
-10.000045
0
2718.068848
-479.270172
900.0
0.0
0.0
-10.000045
0
2777.157227
-489.689087
900.0
0.0
0.0
-10.000045
0
2836.245605
-500.108002
900.0
0.0
0.0
-10.000045
0
2895.333984
-510.526917
900.0
0.0
0.0
-10.000045
0
2954.422363
-520.945862
900.0
0.0
0.0
-10.000045
0
3013.510742
-531.364807
900.0
0.0
0.0
-10.000045
0
3072.599121
-541.783752
900.0
0.0
0.0
-10.000045
0
3131.6875
-552.202698
900.0
0.0
0.0
-10.000045
0
3190.775879
-562.621643
900.0
0.0
0.0
-10.000045
0
3249.864258
-573.040588
900.0
0.0
0.0
-10.000045
0
3308.952637
-583.459534
900.0
0.0
0.0
-10.000045
0
3368.041016
-593.878479
900.0
0.0
0.0
-10.000045
0
3427.129395
-604.297424
900.0
0.0
0.0
-10.000045
0
3486.217773
-614.71637
900.0
0.0
0.0
-10.000045
0
3545.306152
-625.135315
900.0
0.0
0.0
-10.000045
0
3604.394531
-635.55426
900.0
0.0
0.0
-10.000045
0
3663.48291
-645.973206
900.0
0.0
0.0
-10.000045
0
3722.571289
-656.392151
900.0
0.0
0.0
-10.000045
0
3781.659668
-666.811096
900.0
0.0
0.0
-10.000045
0
3840.748047
-677.230042
900.0
0.0
0.0
-10.000045
0
3899.836426
-687.648987
900.0
0.0
0.0
-10.000045
0
3958.924805
-698.067932
900.0
0.0
0.0
-10.000045
0
4018.013184
-708.486877
900.0
0.0
0.0
-10.000045
0
4077.101563
-718.905823
900.0
0.0
0.0
-10.000045
1
5020.469238
-885.247131
1230.951782
0.0
0.0
-10.000045
1
5079.557617
-895.666077
1230.951782
0.0
0.0
-10.000045
1
5138.645996
-906.085022
1230.951782
0.0
0.0
-10.000045
1
5197.734375
-916.503967
1230.951782
0.0
0.0
-10.000045
1
5256.822754
-926.922913
1230.951782
0.0
0.0
-10.000045
1
5315.911133
-937.341858
1230.951782
0.0
0.0
-10.000045
1
5374.999512
-947.760803
1230.951782
0.0
0.0
-10.000045
1
5434.087891
-958.179749
1230.951782
0.0
0.0
-10.000045
1
5493.17627
-968.598694
1230.951782
0.0
0.0
-10.000045
1
5552.264648
-979.017639
1230.951782
0.0
0.0
-10.000045
1
5611.353027
-989.436584
1230.951782
0.0
0.0
-10.000045
1
5670.441406
-999.85553
1230.951782
0.0
0.0
-10.000045
1
5729.529785
-1010.274475
1230.951782
0.0
0.0
-10.000045
1
5788.618164
-1020.69342
1230.951782
0.0
0.0
-10.000045
1
5847.706543
-1031.112305
1230.951782
0.0
0.0
-10.000045
1
5906.794922
-1041.53125
1230.951782
0.0
0.0
-10.000045
1
5965.883301
-1051.950195
1230.951782
0.0
0.0
-10.000045
1
6024.97168
-1062.369141
1230.951782
0.0
0.0
-10.000045
1
6084.060059
-1072.788086
1230.951782
0.0
0.0
-10.000045
1
6143.148438
-1083.207031
1230.951782
0.0
0.0
-10.000045
1
6202.236816
-1093.625977
1230.951782
0.0
0.0
-10.000045
1
6261.325195
-1104.044922
1230.951782
0.0
0.0
-10.000045
1
6320.413574
-1114.463867
1230.951782
0.0
0.0
-10.000045
1
6379.501953
-1124.882813
1230.951782
0.0
0.0
-10.000045
1
6438.590332
-1135.301758
1230.951782
0.0
0.0
-10.000045
1
6497.678711
-1145.720703
1230.951782
0.0
0.0
-10.000045
1
6556.76709
-1156.139648
1230.951782
0.0
0.0
-10.000045
1
6615.855469
-1166.558594
1230.951782
0.0
0.0
-10.000045
1
6674.943848
-1176.977539
1230.951782
0.0
0.0
-10.000045
1
6734.032227
-1187.396484
1230.951782
0.0
0.0
-10.000045
1
6793.120605
-1197.81543
1230.951782
0.0
0.0
-10.000045
1
6852.208984
-1208.234375
1230.897827
0.0
-0.051541
-10.000045
1
6911.296387
-1218.659424
1230.778931
0.0
-0.113586
-10.005996
1
6970.382813
-1229.089722
1230.607056
0.0
-0.164177
-10.011063
1
7029.467773
-1239.526611
1230.374023
0.0
-0.222541
-10.017561
1
7088.552246
-1249.963501
1230.096924
0.0
-0.264643
-10.017562
1
7147.636719
-1260.400269
1229.749146
0.0
-0.332152
-10.017561
1
7206.72168
-1270.830566
1229.336426
0.0
-0.394075
-10.011366
1
7265.806641
-1281.257202
1228.849854
0.0
-0.464596
-10.007888
1
7324.891602
-1291.679443
1228.276123
0.0
-0.547911
-10.003737
1
7383.976563
-1302.097534
1227.621338
0.0
-0.625276
-9.999891
1
7443.060547
-1312.515503
1226.896729
0.0
-0.692014
-9.99989
1
7502.144043
-1322.93335
1226.120605
0.0
-0.741123
-9.999891
1
7561.226563
-1333.351074
1225.280273
0.0
-0.80252
-9.999891
1
7620.308594
-1343.768677
1224.38562
0.0
-0.854306
-9.99989
1
7679.390625
-1354.180298
1223.425659
0.0
-0.916714
-9.994276
1
7738.472656
-1364.583496
1222.378174
0.0
-1.000274
-9.986341
1
7797.553711
-1374.982666
1221.243408
0.0
-1.08365
-9.982741
1
7856.634277
-1385.372437
1219.993774
0.0
-1.193357
-9.97398
1
7915.713867
-1395.757446
1218.676025
0.0
-1.258455
-9.969649
1
7974.61377
-1405.797241
1213.199951
0.0
-5.236603
-9.673413
1
8033.506836
-1415.845093
1207.665039
0.0
-5.292994
-9.682112
1
8092.390625
-1425.906738
1202.053955
0.0
-5.366056
-9.696731
1
8151.266113
-1435.980347
1196.377319
0.0
-5.428894
-9.709303
1
8210.132813
-1446.070679
1190.642456
0.0
-5.484771
-9.726516
1
8268.990234
-1456.170044
1184.829346
0.0
-5.559814
-9.736525
1
8327.839844
-1466.281738
1178.952881
0.0
-5.62061
-9.749556
1
8386.675781
-1476.410278
1172.972656
0.0
-5.72016
-9.767684
1
8445.503906
-1486.537476
1166.916016
0.0
-5.793517
-9.767714
1
8504.324219
-1496.66333
1160.778076
0.0
-5.871552
-9.767713
1
8563.132813
-1506.787231
1154.533203
0.0
-5.974277
-9.767714
1
8621.929688
-1516.909058
1148.172363
0.0
-6.085568
-9.767713
1
8680.71582
-1527.022583
1141.69458
0.0
-6.197939
-9.761671
1
8739.490234
-1537.129517
1135.109131
0.0
-6.301327
-9.757187
1
8798.25293
-1547.224365
1128.399658
0.0
-6.420473
-9.747664
1
8857.008789
-1557.299438
1121.602661
0.0
-6.504669
-9.729993
1
8915.753906
-1567.353516
1114.682739
0.0
-6.62277
-9.711836
1
8974.233398
-1577.374878
1105.751953
0.0
-8.560091
-9.724073
1
9032.702148
-1587.404541
1096.760864
0.0
-8.61838
-9.733808
1
9091.158203
-1597.449463
1087.707275
0.0
-8.67865
-9.750259
1
9149.600586
-1607.504272
1078.575317
0.0
-8.754451
-9.761947
1
9208.027344
-1617.577881
1069.365723
0.0
-8.829406
-9.782393
1
9266.441406
-1627.660522
1060.083374
0.0
-8.899784
-9.793226
1
9324.84082
-1637.758911
1050.729614
0.0
-8.968782
-9.810499
1
9383.056641
-1648.166626
1040.603271
0.0
-9.716455
-10.136125
1
9441.272461
-1658.574341
1030.476929
0.0
-9.716455
-10.136125
1
9499.488281
-1668.982056
1020.350586
0.0
-9.716455
-10.136125
1
9557.704102
-1679.389771
1010.224243
0.0
-9.716455
-10.136125
1
9615.919922
-1689.797485
1000.0979
0.0
-9.716455
-10.136125
