CloudWH
3000
100
CloudWH
saf
380.432098
-3.924932
1455.988647
0.0
0.0
-10.438078
9509.488281
-1625.876221
990.271118
saf
0
86.044312
41.134007
179.86705
-0.028351
4.070328
-10.225719
0
158.05249
28.144335
185.073868
-0.030609
4.070321
-10.225719
0
227.244751
15.662632
190.077072
-0.030609
4.070321
-10.225719
0
299.687103
2.594638
195.315292
-0.030609
4.070321
-10.225719
0
363.523895
-8.920983
199.931259
-0.030609
4.070321
-10.225719
0
425.943634
-20.180983
204.444763
-0.030609
4.070321
-10.225719
0
491.761505
-32.05397
209.203979
-0.030609
4.070321
-10.225719
0
552.260193
-42.96743
213.578568
-0.030609
4.070321
-10.225719
0
622.322205
-55.606033
218.644669
-0.030609
4.070321
-10.225719
0
685.037903
-66.919426
223.179565
-0.030609
4.070321
-10.225719
0
752.746094
-79.133415
228.07547
-0.030609
4.070321
-10.225719
0
826.243896
-92.391808
233.390015
-0.030609
4.070321
-10.225719
0
888.811646
-103.678497
237.914215
-0.030609
4.070321
-10.225719
0
957.117371
-116.000275
242.853317
-0.030609
4.070321
-10.225719
0
1021.085388
-127.539566
247.478775
-0.030609
4.070321
-10.225719
0
1097.427124
-141.310959
252.998947
-0.030609
4.070321
-10.225719
0
1168.445435
-154.12207
258.134186
-0.030609
4.070321
-10.225719
0
1236.568237
-166.410858
263.060059
-0.030609
4.070321
-10.225719
0
1308.51355
-179.389191
268.262329
-0.030609
4.070321
-10.225719
0
1367.050781
-189.948807
272.495087
-0.030609
4.070321
-10.225719
0
1440.096313
-203.125595
277.776917
-0.030609
4.070321
-10.225719
0
1502.278687
-214.342773
282.273254
-0.030609
4.070321
-10.225719
0
1563.310669
-225.352432
286.686401
-0.030609
4.070321
-10.225719
0
1637.986816
-238.82338
292.086151
-0.030609
4.070321
-10.225719
0
1698.530151
-249.744904
296.463959
-0.030609
4.070321
-10.225719
0
1771.378784
-262.8862
301.731567
-0.030609
4.070321
-10.225719
0
1837.346069
-274.786133
306.501587
-0.030609
4.070321
-10.225719
0
1905.223145
-287.030609
311.409698
-0.030609
4.070321
-10.225719
0
1971.889893
-299.056732
316.230286
-0.030609
4.070321
-10.225719
0
2033.555786
-310.180725
320.68927
-0.030609
4.070321
-10.225719
0
2099.877686
-322.144623
325.484924
-0.030609
4.070321
-10.225719
0
2164.370605
-333.778625
330.148346
-0.030609
4.070321
-10.225719
0
2237.614258
-346.99118
335.444519
-0.030609
4.070321
-10.225719
0
2306.083252
-359.342438
340.395447
-0.030609
4.070321
-10.225719
0
2374.79248
-371.737
345.363739
-0.030609
4.070321
-10.225719
0
2443.913574
-384.205841
350.361786
-0.030609
4.070321
-10.225719
0
2505.520752
-395.319275
354.816528
-0.030609
4.070321
-10.225719
0
2578.134766
-408.418243
360.067169
-0.030609
4.070321
-10.225719
0
2643.02002
-420.122986
364.758942
-0.030609
4.070321
-10.225719
0
2704.821289
-431.271423
369.227722
-0.030609
4.070321
-10.225719
0
2774.906982
-443.914307
374.295532
-0.030609
4.070321
-10.225719
0
2835.556396
-454.85498
378.68103
-0.030609
4.070321
-10.225719
0
2910.728027
-468.415344
384.116608
-0.030609
4.070321
-10.225719
0
2974.751953
-479.964722
388.746094
-0.030609
4.070321
-10.225719
0
3045.21875
-492.676361
393.841461
-0.030609
4.070321
-10.225719
0
3112.679688
-504.845764
398.719482
-0.030609
4.070321
-10.225719
0
3178.249023
-516.67395
403.460724
-0.030609
4.070321
-10.225719
0
3257.403809
-530.95282
409.184326
-0.030609
4.070321
-10.225719
0
3327.689209
-543.631714
414.266571
-0.030609
4.070321
-10.225719
0
3395.572021
-555.877197
419.175079
-0.030609
4.070321
-10.225719
0
3462.839111
-568.011597
424.039063
-0.030609
4.070321
-10.225719
0
3529.057617
-579.956848
428.82724
-0.030609
4.070321
-10.225719
0
3594.550293
-591.771179
433.562927
-0.030609
4.070321
-10.225719
0
3656.175537
-602.887878
438.018982
-0.030609
4.070321
-10.225719
0
3738.894531
-617.809692
444.000305
-0.030609
4.070321
-10.225719
0
3798.777588
-628.612061
448.330383
-0.030609
4.070321
-10.225719
0
3869.935547
-641.448364
453.475739
-0.030609
4.070321
-10.225719
0
3931.869385
-652.620728
457.954102
-0.030609
4.070321
-10.225719
0
3997.151123
-664.397034
462.674561
-0.030609
4.070321
-10.225719
0
4066.928223
-676.984253
467.720062
-0.030609
4.070321
-10.225719
0
4128.862305
-688.156616
472.198425
-0.030609
4.070321
-10.225719
0
4196.605469
-700.376892
477.096832
-0.030609
4.070321
-10.225719
0
4266.646484
-713.011719
482.161407
-0.030609
4.070321
-10.225719
0
4334.083984
-725.17688
487.03772
-0.030609
4.070321
-10.225719
0
4401.906738
-737.411499
491.941895
-0.030609
4.070321
-10.225719
0
4464.080566
-748.627197
496.437622
-0.030609
4.070321
-10.225719
0
4530.379883
-760.587097
501.231659
-0.030609
4.070321
-10.225719
0
4598.628418
-772.89856
506.166626
-0.030609
4.070321
-10.225719
0
4668.667969
-785.533142
511.23111
-0.030609
4.070321
-10.225719
0
4739.412598
-798.294922
516.346558
-0.030609
4.070321
-10.225719
0
4802.563965
-809.68689
520.912964
-0.030609
4.070321
-10.225719
0
4880.018555
-823.658997
526.513611
-0.030609
4.070321
-10.225719
0
4947.318848
-835.799438
531.380005
-0.030609
4.070321
-10.225719
0
5010.335938
-847.167236
535.936707
-0.030609
4.070321
-10.225719
0
5079.089844
-859.569824
540.908203
-0.030609
4.070321
-10.225719
0
5140.83252
-870.707703
545.372742
-0.030609
4.070321
-10.225719
0
5207.29248
-882.696533
550.178406
-0.030609
4.070321
-10.225719
0
5271.725586
-894.319702
554.837463
-0.030609
4.070321
-10.225719
0
5340.291016
-906.688354
559.795349
-0.030609
4.070321
-10.225719
0
5408.637207
-919.017456
564.737366
-0.030609
4.070321
-10.225719
0
5472.915039
-930.612671
569.385254
-0.030609
4.070321
-10.225719
0
5542.0625
-943.086304
574.385254
-0.030609
4.070321
-10.225719
0
5613.921387
-956.049011
579.581299
-0.030609
4.070321
-10.225719
0
5693.750488
-970.449524
585.353638
-0.030609
4.070321
-10.225719
0
5763.827637
-983.090881
590.420837
-0.030609
4.070321
-10.225719
0
5832.665039
-995.508606
595.398376
-0.030609
4.070321
-10.225719
0
5907.910645
-1009.082336
600.839294
-0.030609
4.070321
-10.225719
0
5975.671875
-1021.305908
605.739014
-0.030609
4.070321
-10.225719
0
6054.241699
-1035.479248
611.420288
-0.030609
4.070321
-10.225719
0
6118.086914
-1046.996338
616.036865
-0.030609
4.070321
-10.225719
0
6189.838379
-1059.939697
621.225098
-0.030609
4.070321
-10.225719
0
6256.047363
-1071.883179
626.012573
-0.030609
4.070321
-10.225719
0
6322.409668
-1083.85437
630.811157
-0.030609
4.070321
-10.225719
0
6387.121582
-1095.527954
635.490417
-0.030609
4.070321
-10.225719
0
6453.447754
-1107.492676
640.286377
-0.030609
4.070321
-10.225719
0
6522.457031
-1119.941406
645.276367
-0.030609
4.070321
-10.225719
0
6588.283203
-1131.815918
650.036194
-0.030609
4.070321
-10.225719
0
6663.713379
-1145.422852
655.490417
-0.030609
4.070321
-10.225719
0
6739.779785
-1159.144653
660.990723
-0.030609
4.070321
-10.225719
0
6804.315918
-1170.786499
665.657288
-0.030609
4.070321
-10.225719
0
6871.743652
-1182.949829
670.532898
-0.030609
4.070321
-10.225719
0
6933.966309
-1194.174316
675.032166
-0.030609
4.070321
-10.225719
0
7008.82666
-1207.678467
680.445251
-0.030609
4.070321
-10.225719
0
7077.567871
-1220.078857
685.415833
-0.030609
4.070321
-10.225719
0
7160.486816
-1235.036743
691.41156
-0.030609
4.070321
-10.225719
0
7238.865234
-1249.175537
697.079041
-0.030609
4.070321
-10.225719
0
7307.652832
-1261.584229
702.052979
-0.030609
4.070321
-10.225719
0
7389.140625
-1276.283936
707.945251
-0.030609
4.070321
-10.225719
0
7454.296875
-1288.037598
712.656616
-0.030609
4.070321
-10.225719
0
7528.23291
-1301.375122
718.002869
-0.030609
4.070321
-10.225719
0
7591.428711
-1312.775146
722.57251
-0.030609
4.070321
-10.225719
0
7659.152344
-1324.991943
727.469543
-0.030609
4.070321
-10.225719
0
7727.290527
-1337.283447
732.396545
-0.030609
4.070321
-10.225719
0
7791.882813
-1348.935303
737.067139
-0.030609
4.070321
-10.225719
0
7861.04834
-1361.412231
742.06842
-0.030609
4.070321
-10.225719
0
7923.486328
-1372.675537
746.583252
-0.030609
4.070321
-10.225719
0
7997.217285
-1385.975952
751.914673
-0.030609
4.070321
-10.225719
0
8065.006348
-1398.20459
756.816406
-0.030609
4.070321
-10.225719
0
8142.251465
-1412.138916
762.401917
-0.030609
4.070321
-10.225719
0
8211.474609
-1424.626099
767.407349
-0.030609
4.070321
-10.225719
0
8274.128906
-1435.928467
771.937805
-0.030609
4.070321
-10.225719
0
8350.734375
-1449.747437
777.477051
-0.030609
4.070321
-10.225719
0
8419.016602
-1462.064941
782.414429
-0.030609
4.070321
-10.225719
0
8490.97168
-1475.045044
787.617432
-0.030609
4.070321
-10.225719
0
8557.087891
-1486.971924
792.398254
-0.030609
4.070321
-10.225719
0
8628.367188
-1499.830078
797.552368
-0.030609
4.070321
-10.225719
0
8695.048828
-1511.859009
802.374084
-0.030609
4.070321
-10.225719
0
8764.905273
-1524.460571
807.425354
-0.030609
4.070321
-10.225719
0
8835.996094
-1537.28479
812.565857
-0.030609
4.070321
-10.225719
0
8906.303711
-1549.967773
817.649719
-0.030609
4.070321
-10.225719
0
8974.356445
-1562.244019
822.570557
-0.030609
4.070321
-10.225719
0
9041.041016
-1574.273438
827.392456
-0.030609
4.070321
-10.225719
0
9109.795898
-1586.67627
832.364075
-0.030609
4.070321
-10.225719
0
9181.412109
-1599.595215
837.542542
-0.030609
4.070321
-10.225719
0
9247.051758
-1611.435913
842.288818
-0.030609
4.070321
-10.225719
0
9315.491211
-1623.78186
847.23761
-0.030609
4.070321
-10.225719
0
9377.322266
-1634.935547
851.708496
-0.030609
4.070321
-10.225719
0
9447.213867
-1647.543457
856.762268
-0.030609
4.070321
-10.225719
0
9512.295898
-1659.283691
861.468262
-0.030609
4.070321
-10.225719
0
9588.125
-1672.962646
866.951416
-0.030609
4.070321
-10.225719
0
9657.333984
-1685.447388
871.955811
-0.030609
4.070321
-10.225719
0
9715.949219
-1696.021118
876.194214
-0.030609
4.070321
-10.225719
0
9787.166992
-1708.868286
881.343872
-0.030609
4.070321
-10.225719
0
9855.052734
-1721.114258
886.252563
-0.030609
4.070321
-10.225719
0
9927.339844
-1734.154297
891.479553
-0.030609
4.070321
-10.225719
0
9993.735352
-1746.131592
896.280579
-0.06723
4.070321
-10.22572
0
10060.936523
-1758.25415
901.139832
-0.06723
4.070321
-10.22572
0
10136.549805
-1771.894043
906.6073
-0.06723
4.070321
-10.22572
0
10195.115234
-1782.45874
910.842041
-0.06723
4.070321
-10.22572
0
10259.875
-1794.140869
915.524719
-0.06723
4.070321
-10.22572
0
10327.150391
-1806.276733
920.389343
-0.06723
4.070321
-10.22572
0
10396.560547
-1818.797729
925.408325
-0.06723
4.070321
-10.22572
