CloudWH
3000
100
3000
100
3000
100
3000
100
CloudWH
saf
420.210938
-115.015564
1365.124268
0.0
0.0
-11.778608
9844.157227
-2021.413452
1661.967285
saf
0
2478.054688
1276.186157
928.080933
0.0
4.731552
36.189281
0
2526.359863
1311.431641
933.016663
-0.0
4.718602
36.115959
0
2574.706543
1346.62146
937.944214
0.0
4.710788
36.049519
0
2623.110352
1381.734009
942.86261
-0.0
4.702025
35.957497
0
2672.342773
1415.690308
947.671814
0.0
4.597386
34.594612
0
2721.630859
1449.567017
952.473572
0.0
4.590229
34.501595
0
2770.987793
1483.344849
957.265259
0.0
4.580591
34.386227
0
2820.404297
1517.035889
962.052368
0.0
4.576206
34.285378
0
2869.891846
1550.623169
966.835266
-0.0
4.57219
34.164894
0
2919.473389
1584.071533
971.618164
-0.0
4.57219
34.004158
0
2970.179688
1615.795654
976.355713
0.0
4.528723
32.031944
0
3021.039063
1647.27478
981.087769
0.0
4.52347
31.755333
0
3072.016602
1678.562012
985.819824
0.0
4.52347
31.539347
0
3123.126953
1709.63208
990.55188
0.0
4.52347
31.295639
0
3174.381104
1740.465088
995.278687
0.0
4.518457
31.029955
0
3225.756348
1771.095703
1000.005493
0.0
4.518457
30.804056
0
3277.2771
1801.481934
1004.727112
0.0
4.513491
30.531637
0
3328.948975
1831.611206
1009.44397
0.0
4.508901
30.246037
0
3381.793213
1859.639404
1014.124939
0.0
4.474566
27.941141
0
3434.729248
1887.494385
1018.801147
0.0
4.47001
27.75325
0
3487.756592
1915.175293
1023.477356
0.0
4.47001
27.564995
0
3540.868408
1942.694824
1028.149048
0.0
4.465625
27.390553
0
3594.099609
1969.982422
1032.820679
0.0
4.465632
27.140676
0
3647.461426
1997.014648
1037.486938
0.0
4.460421
26.865955
0
3700.916748
2023.862427
1042.149048
0.0
4.456521
26.667919
0
3755.422852
2048.518799
1046.748291
0.0
4.396272
24.340033
0
3809.995361
2073.027832
1051.347534
0.0
4.396272
24.185072
0
3864.662842
2097.325195
1055.941528
0.0
4.391272
23.962948
0
3919.409424
2121.44458
1060.53125
0.0
4.387119
23.776333
0
3974.232422
2145.389648
1065.120972
-0.0
4.387119
23.594101
0
4029.16333
2169.087158
1069.705322
0.0
4.381942
23.335505
0
4084.187744
2192.568115
1074.285156
0.0
4.377693
23.109547
0
4140.405273
2213.040039
1078.810913
0.0
4.325839
20.00923
0
4196.711426
2233.269043
1083.327515
0.0
4.317151
19.761774
0
4253.104492
2253.258789
1087.826904
0.0
4.300615
19.517967
0
4309.596191
2272.972168
1092.307007
0.0
4.28218
19.236917
0
4366.161621
2292.476318
1096.774536
0.0
4.270152
19.024555
0
4422.821289
2311.70752
1101.229126
0.0
4.257769
18.74799
0
4479.604004
2330.576904
1105.665771
0.0
4.240612
18.382137
0
4537.635254
2345.228271
1109.875977
0.0
4.023733
14.169697
0
4595.737793
2359.598633
1114.070313
0.0
4.008522
13.892185
0
4653.932617
2373.593262
1118.254639
0.0
3.999028
13.521916
0
4712.216309
2387.213867
1122.434204
0.0
3.994411
13.153645
0
4771.4375
2395.930908
1126.54187
0.0
3.925596
8.373646
0
4830.694824
2404.39502
1130.654297
0.0
3.930125
8.129046
0
4889.983887
2412.62915
1134.775635
0.0
3.938676
7.906656
0
4949.307129
2420.611084
1138.9021
0.0
3.943642
7.66321
0
5008.941406
2425.826904
1142.971069
0.0
3.888529
4.99868
0
5068.601074
2430.758789
1147.018921
0.0
3.868312
4.725715
0
5128.286621
2435.374268
1151.057129
0.0
3.859091
4.421835
0
5188.004883
2439.566895
1155.079346
0.0
3.843873
4.016075
0
5247.767578
2443.09375
1159.074341
0.0
3.817809
3.377431
0
5307.555664
2446.195801
1163.041382
0.0
3.791001
2.970083
0
5367.433105
2446.433105
1166.866943
0.0
3.655572
0.22696
0
5427.311523
2446.456055
1170.684814
0.0
3.64825
0.022058
0
5487.189941
2446.172607
1174.49231
0.0
3.638291
-0.271271
0
5547.066895
2445.61792
1178.295166
-0.0
3.633893
-0.530853
0
5606.941406
2444.811523
1182.085693
-0.0
3.622049
-0.771637
0
5666.810059
2443.611816
1185.865234
0.0
3.611599
-1.147949
0
5726.671875
2442.067139
1189.630981
0.0
3.598376
-1.47821
0
5786.524902
2440.181641
1193.381836
0.0
3.584189
-1.804382
0
5846.213379
2435.156738
1196.850708
0.0
3.31437
-4.812149
0
5905.884766
2429.913574
1200.291626
0.0
3.287636
-5.021595
0
5965.543945
2424.52832
1203.722412
0.0
3.277889
-5.157947
0
6025.203125
2419.143066
1207.153198
0.0
3.277889
-5.157947
0
6084.862305
2413.757813
1210.583984
0.0
3.277889
-5.157947
0
6144.521484
2408.372559
1214.014771
0.0
3.277889
-5.157947
0
6204.180664
2402.987305
1217.445557
0.0
3.277889
-5.157947
0
6263.839844
2397.602051
1220.876343
0.0
3.277889
-5.157947
0
6323.499023
2392.216797
1224.307129
0.0
3.277889
-5.157947
0
6382.98291
2384.789795
1226.862915
0.0
2.441294
-7.116929
0
6442.431641
2377.055664
1229.317383
0.0
2.344503
-7.412368
0
6501.825195
2368.872803
1231.656006
0.0
2.23384
-7.844477
0
6561.164551
2360.282227
1233.903198
0.0
2.146469
-8.237681
0
6620.441406
2351.247803
1236.058838
0.0
2.058981
-8.665874
0
6679.630371
2341.628662
1238.09729
0.0
1.946973
-9.230796
0
6737.797363
2326.978027
1239.498291
0.0
1.337986
-14.137338
0
6795.883789
2312.010986
1240.890015
-0.0
1.329066
-14.449152
0
6853.882813
2296.707764
1242.271606
0.0
1.319449
-14.780925
0
6911.805664
2281.117432
1243.653198
0.0
1.319449
-15.06484
0
6969.640137
2265.202393
1245.024658
0.0
1.30973
-15.386076
0
7027.353516
2248.853271
1246.390625
0.0
1.304477
-15.816588
0
7084.952637
2232.103516
1247.736206
0.0
1.285073
-16.214434
0
7142.453613
2215.018066
1249.055542
0.0
1.260006
-16.548481
0
7198.495117
2193.619629
1250.255371
0.0
1.145853
-20.898441
0
7254.367676
2171.783203
1251.450439
0.0
1.141311
-21.346718
0
7310.051758
2149.469482
1252.635254
0.0
1.131503
-21.837023
0
7365.584961
2126.783447
1253.815796
0.0
1.127459
-22.220602
0
7420.931152
2103.644043
1254.976318
0.0
1.108342
-22.688957
0
7476.114258
2080.116943
1256.112793
0.0
1.085262
-23.090525
0
7531.150391
2056.246582
1257.230957
-0.0
1.067832
-23.447468
0
7586.013184
2031.980957
1258.344238
0.0
1.063201
-23.859425
0
7638.969238
2003.793579
1259.418579
0.0
1.025915
-28.025446
0
7691.772461
1975.320801
1260.487671
0.0
1.021004
-28.334719
0
7744.408691
1946.540527
1261.551636
0.0
1.015997
-28.66884
0
7796.915039
1917.52356
1262.611206
0.0
1.011838
-28.926727
0
7849.248047
1888.195313
1263.665527
0.0
1.006831
-29.267
0
7901.420898
1858.58313
1264.7146
0.0
1.001886
-29.578293
0
7953.409668
1828.648682
1265.758911
0.0
0.997262
-29.932749
0
8003.096191
1795.029053
1266.750122
0.0
0.94663
-34.083782
0
8052.571777
1761.099731
1267.741333
0.0
0.94663
-34.441654
0
8101.800293
1726.812866
1268.727417
-0.0
0.941692
-34.856659
0
8150.778809
1692.17041
1269.718628
0.0
0.94663
-35.27161
0
8199.462891
1657.115112
1270.724609
-0.0
0.960734
-35.756191
0
8247.855469
1621.659424
1271.730591
-0.0
0.960734
-36.228687
0
8295.984375
1585.846069
1272.736572
0.0
0.960734
-36.653339
0
8343.776367
1549.583618
1273.737183
-0.0
0.955591
-37.189766
0
8388.180664
1509.24707
1274.835693
0.0
1.04911
-42.251831
0
8432.334961
1468.637207
1275.939087
0.0
1.0537
-42.605499
0
8476.206055
1427.721191
1277.052124
0.0
1.062975
-43.004253
0
8519.767578
1386.47583
1278.165161
-0.0
1.062975
-43.435734
0
8563.054688
1344.943115
1279.278198
0.0
1.062975
-43.814888
0
8606.076172
1303.134644
1280.391235
-0.0
1.062975
-44.18092
0
8645.990234
1258.349976
1281.492554
-0.0
1.051685
-48.291229
0
8685.691406
1213.376465
1282.603638
0.0
1.061049
-48.56319
0
8725.173828
1168.211304
1283.71936
-0.0
1.06553
-48.840759
0
8764.391602
1122.816528
1284.840454
-0.0
1.070591
-49.175114
0
8803.342773
1077.192749
1285.966553
0.0
1.075393
-49.510983
0
8841.994141
1031.314453
1287.092651
0.0
1.075393
-49.886909
0
8876.96582
982.573364
1288.216919
0.0
1.073624
-54.340363
0
8911.800781
933.734192
1289.354858
0.0
1.086704
-54.501678
0
8946.476563
884.78241
1290.504272
-0.0
1.097646
-54.687553
0
8981.019531
835.737061
1291.662476
-0.0
1.106026
-54.842728
0
9015.369141
786.556641
1292.836304
0.0
1.121025
-55.067738
0
9049.533203
737.246948
1294.018921
0.0
1.129344
-55.284153
0
9083.483398
687.790161
1295.212036
0.0
1.13946
-55.531902
0
9117.248047
638.206726
1296.420166
0.0
1.153762
-55.746716
0
9148.384766
586.939697
1297.895264
0.0
1.408699
-58.727425
0
9179.15918
535.454834
1299.38501
-0.0
1.422783
-59.131233
0
9209.544922
483.739777
1300.897705
-0.0
1.444667
-59.563522
0
9239.583984
431.823425
1302.437378
0.0
1.470485
-59.946438
0
9269.241211
379.689484
1304.01001
-0.0
1.501911
-60.365536
0
9298.579102
327.375977
1305.619751
0.0
1.537407
-60.715992
0
9327.52832
274.847748
1307.278931
0.0
1.584563
-61.140442
0
9356.144531
222.138382
1308.970825
0.0
1.615859
-61.502625
0
9380.642578
167.405945
1311.026123
0.000001
1.96301
-65.887291
0
9404.770508
112.509178
1313.07666
0.000001
1.95855
-66.274261
0
9428.407227
57.397861
1315.094116
0.000001
1.926858
-66.786392
0
9451.545898
2.074245
1317.064575
0.000001
1.881942
-67.303093
0
9474.209961
-53.448391
1318.956909
0.000001
1.80737
-67.795052
0
9496.44043
-109.14827
1320.776489
0.000001
1.737832
-68.242195
0
9518.597656
-164.877899
1322.584717
0.000001
1.726959
-68.318062
0
9540.754883
-220.607513
1324.392944
0.000001
1.726959
-68.318062
0
9562.912109
-276.337128
1326.201172
0.000001
1.726959
-68.318062
0
9585.069336
-332.066742
1328.009399
0.000001
1.726959
-68.318062
0
9607.226563
-387.796356
1329.817627
0.000001
1.726959
-68.318062
0
9627.685547
-444.174805
1331.519409
0.0
1.625298
-70.054771
0
9647.907227
-500.638672
1333.221191
0.0
1.625298
-70.295441
0
9667.785156
-557.224182
1334.940674
-0.0
1.642148
-70.644341
0
9687.446289
-613.884949
1336.669312
-0.0
1.650904
-70.863068
0
9706.921875
-670.60968
1338.402588
-0.0
1.655365
-71.05085
0
9726.182617
-727.407471
1340.141235
0.0
1.660514
-71.267265
0
9745.254883
-784.268799
1341.88916
0.0
1.66938
-71.457993
0
9764.163086
-841.184143
1343.65271
0.0
1.684311
-71.622231
0
9782.888672
-898.159058
1345.440918
-0.0
1.707841
-71.805908
0
9801.40625
-955.201111
1347.254517
0.0
1.732122
-72.014656
0
9819.71582
-1012.30957
1349.092407
0.0
1.755318
-72.223396
1
1244.811523
-1990.252319
1014.335449
0.000005
5.863014
-45.694576
1
1286.501343
-2032.96521
1020.464478
0.000005
5.863014
-45.694576
1
1328.191162
-2075.677979
1026.593506
0.000005
5.863014
-45.694576
1
1369.880981
-2118.390869
1032.722534
0.000005
5.863014
-45.694576
1
1411.570801
-2161.10376
1038.851563
0.000005
5.863014
-45.694576
1
1453.26062
-2203.81665
1044.980591
0.000005
5.863014
-45.694576
1
1494.922729
-2246.596436
1050.825562
0.000004
5.590435
-45.758434
1
1536.583618
-2289.38208
1056.635132
0.000005
5.55642
-45.763298
1
1578.255127
-2332.162109
1062.409668
0.000004
5.522836
-45.75214
1
1619.932983
-2374.940674
1068.150635
0.000004
5.490604
-45.746792
1
1661.634155
-2417.701172
1073.856323
0.000005
5.456733
-45.718624
1
1703.369751
-2460.43335
1079.523071
0.000004
5.419454
-45.676048
1
1746.546997
-2501.729492
1085.031738
0.000005
5.267756
-43.724346
1
1789.866211
-2542.879639
1090.519409
0.000005
5.247702
-43.528961
1
1833.337769
-2583.871582
1095.986206
0.000005
5.227642
-43.318367
1
1876.967896
-2624.697998
1101.428101
0.000005
5.203757
-43.098766
1
1920.927002
-2665.176025
1106.825195
0.000005
5.16087
-42.639236
1
1965.130615
-2705.390381
1112.195923
0.000005
5.13553
-42.294609
1
2011.570679
-2743.029053
1117.358032
0.000005
4.935556
-39.023853
1
2058.149658
-2780.498047
1122.502197
0.000005
4.918405
-38.813717
1
2104.931152
-2817.717041
1127.624634
0.000005
4.897491
-38.505234
1
2151.873779
-2854.734131
1132.736084
0.000005
4.886945
-38.257706
1
2198.95166
-2891.581055
1137.833374
0.000005
4.873387
-38.049534
1
2247.187012
-2926.909424
1142.857178
0.000005
4.80305
-36.219666
1
2295.516602
-2962.110596
1147.870117
0.000006
4.792627
-36.067833
1
2343.955078
-2997.162354
1152.878052
0.000006
4.787846
-35.890827
1
2392.477051
-3032.099365
1157.881592
0.000006
4.783577
-35.754799
1
2441.115723
-3066.874756
1162.875366
0.000006
4.774268
-35.563885
1
2489.862305
-3101.5
1167.860107
0.000006
4.765621
-35.386635
1
2538.707275
-3135.987793
1172.836426
0.000006
4.757527
-35.224789
1
2588.554688
-3169.019531
1177.749634
0.000007
4.697073
-33.530853
1
2638.466309
-3201.955078
1182.657471
0.000007
4.691903
-33.419979
1
2688.419678
-3234.827148
1187.565308
0.000007
4.691903
-33.347256
1
2738.424072
-3267.621338
1192.473145
0.000007
4.691903
-33.258095
1
2788.476074
-3300.343994
1197.37561
0.000007
4.686759
-33.175625
1
2838.606201
-3332.948975
1202.262451
0.000007
4.671712
-33.040291
1
2888.830811
-3365.411621
1207.12854
0.000007
4.651871
-32.876678
1
2939.151367
-3397.728271
1211.974609
0.000007
4.63274
-32.709301
1
2990.703857
-3428.066895
1216.654785
0.000008
4.47376
-30.476866
1
3042.366943
-3458.218262
1221.326172
0.000008
4.46542
-30.268377
1
3094.132324
-3488.196045
1225.980835
0.000008
4.449349
-30.075571
1
3146.048828
-3517.915039
1230.614868
0.000008
4.429548
-29.788454
1
3198.103516
-3547.393555
1235.234497
0.000008
4.415799
-29.5228
1
3250.279541
-3576.658691
1239.839966
0.000008
4.402221
-29.28763
1
3302.619873
-3605.631348
1244.429443
0.000008
4.386914
-28.966408
1
3355.977295
-3632.697266
1248.948975
0.000009
4.319964
-26.896549
1
3409.418945
-3659.5979
1253.459229
0.00001
4.311085
-26.719032
1
3462.963867
-3686.293213
1257.964233
0.00001
4.305963
-26.498871
1
3516.590332
-3712.826416
1262.456787
0.00001
4.294106
-26.325052
1
3570.331787
-3739.12793
1266.938599
0.00001
4.283785
-26.077301
1
3625.012207
-3763.424072
1271.383301
0.00001
4.248275
-23.956823
1
3679.748535
-3787.593994
1275.828003
0.00001
4.248275
-23.824774
1
3734.532471
-3811.656006
1280.272705
0.00001
4.248275
-23.71171
1
3789.373779
-3835.587402
1284.71167
0.00001
4.242763
-23.575211
1
3844.261475
-3859.412354
1289.150635
0.00001
4.242763
-23.463907
1
3899.978271
-3881.255615
1293.452393
0.000011
4.11135
-21.407181
1
3955.763916
-3902.926514
1297.734741
0.000011
4.09284
-21.229475
1
4011.663818
-3924.306885
1301.987427
0.000011
4.064372
-20.930668
1
4067.683594
-3945.37915
1306.201416
0.000012
4.027421
-20.614128
1
4123.82373
-3966.136719
1310.375
0.000012
3.988735
-20.291712
1
4180.881836
-3984.205322
1314.608887
0.000012
4.046443
-17.571484
1
4237.955566
-4002.235596
1318.794556
0.000012
4.000326
-17.531965
1
4295.054199
-4020.205322
1322.897339
0.000012
3.920945
-17.469616
1
4352.176758
-4038.109375
1326.956543
0.000012
3.879219
-17.402876
1
4409.34668
-4055.868164
1330.982544
0.000012
3.847398
-17.256495
1
4466.597168
-4073.375977
1334.962402
0.000012
3.80324
-17.004183
1
4523.929199
-4090.624268
1338.904297
0.000012
3.766911
-16.743876
1
4581.367676
-4107.527832
1342.789185
0.000012
3.712378
-16.398548
1
4639.241211
-4122.932617
1346.444336
0.000012
3.492528
-14.905481
1
4697.151855
-4138.200195
1350.085205
0.000012
3.478923
-14.769472
1
4755.105469
-4153.307617
1353.707642
0.000012
3.461301
-14.610942
1
4813.119629
-4168.186523
1357.306885
0.000012
3.439109
-14.384704
1
4871.208496
-4182.778809
1360.875
0.000012
3.409296
-14.10154
1
4929.399902
-4196.96582
1364.40918
0.000012
3.376852
-13.701366
1
4987.702637
-4210.700195
1367.898071
0.000012
3.333494
-13.2556
1
5046.479492
-4222.297363
1371.184814
0.000012
3.140213
-11.161705
1
5105.311035
-4233.62207
1374.438232
0.000013
3.108303
-10.895804
1
5164.193848
-4244.685059
1377.669922
0.000012
3.087484
-10.640852
1
5223.145508
-4255.384277
1380.865723
0.000013
3.05321
-10.286714
1
5282.147461
-4265.811035
1384.039429
0.000012
3.032037
-10.022062
1
5341.205078
-4275.927246
1387.18335
0.000013
3.003535
-9.720145
1
5400.312988
-4285.75
1390.306396
0.000013
2.983652
-9.435418
1
5459.623047
-4294.304199
1393.331543
0.000013
2.890024
-8.20725
1
5518.972656
-4302.587402
1396.331787
0.000013
2.8662
-7.945188
1
5578.348145
-4310.69043
1399.311768
0.000013
2.846857
-7.771204
1
5637.748047
-4318.619141
1402.274658
0.000013
2.830451
-7.603079
1
5697.18457
-4326.279297
1405.211426
0.000013
2.805507
-7.343699
1
5756.652344
-4333.700684
1408.130005
0.000013
2.788131
-7.113544
1
5816.152344
-4340.866699
1411.023804
0.000013
2.764451
-6.867262
1
5875.908203
-4345.548828
1413.727173
0.000013
2.582385
-4.480295
1
5935.672852
-4350.120117
1416.421631
0.000013
2.573882
-4.374129
1
5995.450684
-4354.52832
1419.105469
0.000013
2.56378
-4.21763
1
6055.237793
-4358.810059
1421.778809
0.000013
2.553671
-4.096384
1
6115.037109
-4362.933105
1424.431519
0.000013
2.534014
-3.944042
1
6174.849121
-4366.881836
1427.058594
0.000013
2.509466
-3.777232
1
6234.67334
-4370.657715
1429.670776
0.000013
2.495239
-3.611305
1
6294.59375
-4372.566895
1432.097168
0.000013
2.317606
-1.825013
1
6354.520996
-4374.28125
1434.506592
0.000013
2.301412
-1.638824
1
6414.45459
-4375.796875
1436.891113
0.000013
2.277622
-1.448578
1
6474.394531
-4377.069824
1439.248657
0.000013
2.251831
-1.216522
1
6534.339844
-4378.15625
1441.571777
0.000013
2.218971
-1.038147
1
6594.289063
-4379.081543
1443.858032
0.000013
2.183782
-0.884216
1
6654.243652
-4379.745117
1446.090942
0.000013
2.132774
-0.634277
1
6714.200684
-4378.46875
1447.966553
0.000013
1.791381
1.219447
1
6774.154297
-4376.961914
1449.785767
0.000013
1.73745
1.439636
1
6834.103516
-4375.234863
1451.551025
0.000013
1.685957
1.650275
1
6894.047363
-4373.280273
1453.255615
0.000013
1.627982
1.867675
1
6953.985352
-4371.115234
1454.909912
0.000013
1.579891
2.06878
1
7013.91748
-4368.754883
1456.51416
0.000013
1.532168
2.255341
1
7073.84082
-4366.146484
1458.051636
0.000013
1.468368
2.492313
1
7133.754395
-4363.288574
1459.533691
0.000013
1.415365
2.730803
1
7193.523926
-4358.148438
1460.612793
0.000013
1.030573
4.915512
1
7253.270508
-4352.740234
1461.651611
0.000013
0.992051
5.172282
1
7312.990234
-4347.031738
1462.641846
0.000013
0.945612
5.460106
1
7372.675293
-4340.964844
1463.568726
0.000013
0.885179
5.804077
1
7432.323242
-4334.531738
1464.429688
0.000013
0.822225
6.15555
1
7491.938965
-4327.801758
1465.248047
0.000013
0.781483
6.440786
1
7551.505371
-4320.643066
1466.001587
0.000013
0.719642
6.853055
1
7611.035645
-4313.182129
1466.71167
0.000013
0.678135
7.143579
1
7670.008789
-4302.133301
1466.974365
0.000013
0.250839
10.611762
1
7728.942871
-4290.877441
1467.212524
0.000013
0.227473
10.812745
1
7787.833496
-4279.393555
1467.423096
0.000013
0.201088
11.034385
1
7846.686035
-4267.717285
1467.619263
0.000013
0.187366
11.221931
1
7905.510742
-4255.900879
1467.801636
0.000013
0.174156
11.358327
1
7964.295898
-4243.88916
1467.974243
0.000013
0.164874
11.548594
1
8022.761719
-4230.407227
1468.10144
0.000013
0.121434
12.985232
1
8081.20166
-4216.814941
1468.228638
0.000013
0.121434
13.093575
1
8139.615723
-4203.11084
1468.355835
0.000013
0.121434
13.202982
1
8197.991211
-4189.245605
1468.483032
0.000013
0.121434
13.361152
1
8256.322266
-4175.194824
1468.604614
0.000013
0.116079
13.543479
1
8314.603516
-4160.938965
1468.721313
0.000013
0.111394
13.744985
1
8372.149414
-4143.955566
1468.864258
0.000013
0.136447
16.442854
1
8429.626953
-4126.743164
1469.02124
0.000013
0.149875
16.671162
1
8487.040039
-4109.317383
1469.183472
0.000013
0.154943
16.883989
1
8544.378906
-4091.648193
1469.350464
0.000013
0.159444
17.126858
1
8601.629883
-4073.696045
1469.53418
0.000013
0.175461
17.40983
1
8658.801758
-4055.494629
1469.731934
0.000013
0.188841
17.659607
1
8715.069336
-4034.666016
1470.077393
0.000013
0.32985
20.312981
1
8771.254883
-4013.615723
1470.422852
0.000013
0.32985
20.53894
1
8827.326172
-3992.264404
1470.77417
0.000013
0.335519
20.84623
1
8883.300781
-3970.661133
1471.130615
0.000013
0.340382
21.103952
1
8939.149414
-3948.733887
1471.487061
0.000013
0.340382
21.435806
1
8994.886719
-3926.526123
1471.848877
0.000013
0.345546
21.723965
1
9049.538086
-3901.768555
1472.365356
0.000013
0.493263
24.370609
1
9104.108398
-3876.834229
1472.918945
0.000013
0.528643
24.556374
1
9158.607422
-3851.743164
1473.49646
0.000013
0.551504
24.720961
1
9213.004883
-3826.432861
1474.094971
0.000013
0.571584
24.951828
1
9267.297852
-3800.901123
1474.703735
0.000013
0.581317
25.185356
1
9321.469727
-3775.113037
1475.334351
0.000013
0.602156
25.456425
1
9375.544922
-3749.124756
1476.001953
0.000013
0.637509
25.668444
2
7662.583008
-1567.540527
799.414124
-2.245727
17.691931
-12.880548
2
7701.280273
-1576.389526
812.07666
-2.245727
17.691931
-12.880548
2
7739.977539
-1585.238525
824.739197
-2.245727
17.691931
-12.880548
2
7778.674805
-1594.087524
837.401733
-2.245727
17.691931
-12.880548
2
7817.37207
-1602.936523
850.06427
-2.245727
17.691931
-12.880548
2
7856.069336
-1611.785522
862.726807
-2.245727
17.691931
-12.880548
2
7894.766602
-1620.634521
875.389343
-2.245727
17.691931
-12.880548
2
7933.463867
-1629.483521
888.05188
-2.245727
17.691931
-12.880548
2
7972.161133
-1638.33252
900.714417
-2.251558
17.691931
-12.880588
2
8016.222656
-1648.408203
915.132141
-2.257385
17.691931
-12.880613
2
8054.919922
-1657.257202
927.794678
-2.257385
17.691931
-12.880613
2
8093.617188
-1666.106201
940.457214
-2.257385
17.691931
-12.880613
2
8132.35791
-1674.96521
953.133972
-2.257385
17.691931
-12.880613
2
8171.062988
-1683.81604
965.799072
-2.257385
17.691931
-12.880613
2
8209.760742
-1692.665039
978.461609
-2.257385
17.691931
-12.880613
2
8248.458008
-1701.514038
991.124146
-2.257385
17.691931
-12.880613
2
8287.155273
-1710.363037
1003.786682
-2.257385
17.691931
-12.880613
2
8325.852539
-1719.212036
1016.449219
-2.257385
17.691931
-12.880613
2
8364.549805
-1728.061035
1029.111694
-2.257385
17.691931
-12.880613
2
8403.24707
-1736.910034
1041.77417
-2.257385
17.691931
-12.880613
2
8441.961914
-1745.763062
1054.442261
-2.257385
17.691931
-12.880613
2
8483.861328
-1755.344238
1068.152466
-2.257385
17.691931
-12.880613
2
8524.256836
-1764.581665
1081.37085
-2.257385
17.691931
-12.880613
2
8562.954102
-1773.430664
1094.033325
-2.257385
17.691931
-12.880613
2
8601.651367
-1782.279663
1106.695801
-2.257385
17.691931
-12.880613
2
8640.348633
-1791.128662
1119.358276
-2.257385
17.691931
-12.880613
2
8679.564453
-1800.022827
1130.273193
-2.228486
15.186255
-12.77856
2
8721.814453
-1809.605225
1142.032715
-2.228486
15.186255
-12.77856
2
8761.030273
-1818.49939
1152.947632
-2.228486
15.186255
-12.77856
2
8802.390625
-1827.879883
1164.459473
-2.228486
15.186255
-12.77856
2
8841.606445
-1836.774048
1175.37439
-2.228486
15.186255
-12.77856
2
8880.822266
-1845.668213
1186.289307
-2.228486
15.186255
-12.77856
2
8920.235352
-1854.607056
1197.259033
-2.228486
15.186255
-12.77856
2
8959.451172
-1863.501221
1208.17395
-2.228486
15.186255
-12.77856
2
8998.666992
-1872.395386
1219.088867
-2.228486
15.186255
-12.77856
2
9038.796875
-1881.328125
1225.863403
-2.179657
9.357195
-12.54919
2
9081.307617
-1890.790771
1233.039917
-2.179657
9.357195
-12.54919
2
9121.4375
-1899.723511
1239.814453
-2.179657
9.357195
-12.54919
2
9161.567383
-1908.65625
1246.588989
-2.179657
9.357195
-12.54919
2
9201.697266
-1917.588989
1253.363525
-2.179657
9.357195
-12.54919
2
9241.827148
-1926.521729
1260.138062
-2.179657
9.357195
-12.54919
2
9281.957031
-1935.454468
1266.912598
-2.179657
9.357195
-12.54919
2
9322.086914
-1944.387207
1273.687134
-2.179657
9.357195
-12.54919
2
9362.216797
-1953.319946
1280.46167
-2.179657
9.357195
-12.54919
2
9402.837891
-1962.361938
1287.31897
-2.179657
9.357195
-12.54919
2
9442.967773
-1971.294678
1294.093506
-2.179657
9.357195
-12.54919
2
9483.097656
-1980.227417
1300.868042
-2.179657
9.357195
-12.54919
2
9523.227539
-1989.160156
1307.642578
-2.179657
9.357195
-12.54919
2
9563.357422
-1998.092896
1314.417114
-2.179657
9.357195
-12.54919
2
9603.487305
-2007.025635
1321.19165
-2.179657
9.357195
-12.54919
2
9644.006836
-2016.045044
1328.03186
-2.179657
9.357195
-12.54919
2
9684.136719
-2024.977783
1334.806396
-2.179657
9.357195
-12.54919
2
9724.266602
-2033.910522
1341.580933
-2.179657
9.357195
-12.54919
2
9764.396484
-2042.843262
1348.355469
-2.179657
9.357195
-12.54919
2
9804.526367
-2051.776123
1355.130005
-2.179657
9.357195
-12.54919
2
9844.65625
-2060.708984
1361.904541
-2.179657
9.357195
-12.54919
2
9884.786133
-2069.641846
1368.679077
-2.179657
9.357195
-12.54919
2
9926.033203
-2078.823242
1375.64209
-2.179657
9.357195
-12.54919
2
9967.382813
-2088.027344
1382.622437
-2.179657
9.357195
-12.54919
2
10011.589844
-2097.867432
1390.085205
-2.179657
9.357195
-12.54919
2
10051.719727
-2106.800293
1396.859741
-2.179657
9.357195
-12.54919
2
10091.858398
-2115.734863
1403.635742
-2.179657
9.357195
-12.54919
2
10132.644531
-2124.813721
1410.521118
-2.179657
9.357195
-12.54919
2
10172.774414
-2133.746582
1417.295654
-2.179657
9.357195
-12.54919
2
10212.904297
-2142.679443
1424.07019
-2.179657
9.357195
-12.54919
2
10253.03418
-2151.612305
1430.844727
-2.179657
9.357195
-12.54919
2
10293.164063
-2160.545166
1437.619263
-2.179657
9.357195
-12.54919
3
-4856.409668
1532.877441
131.143784
0.227339
9.349237
-15.133328
3
-4816.722168
1522.144165
137.912643
0.227339
9.349237
-15.133328
3
-4777.034668
1511.410889
144.681503
0.227339
9.349237
-15.133328
3
-4737.347168
1500.677612
151.450363
0.227339
9.349237
-15.133328
3
-4697.659668
1489.944336
158.219223
0.227339
9.349237
-15.133328
3
-4657.972168
1479.21106
164.988083
0.227339
9.349237
-15.133328
3
-4618.284668
1468.477783
171.756943
0.227339
9.349237
-15.133328
3
-4578.597168
1457.744507
178.525803
0.227339
9.349237
-15.133328
3
-4538.909668
1447.01123
185.294662
0.227339
9.349237
-15.133328
3
-4499.222168
1436.277954
192.063522
0.227339
9.349237
-15.133328
3
-4459.534668
1425.544678
198.832382
0.227339
9.349237
-15.133328
3
-4416.37793
1413.873169
206.192947
0.227339
9.349237
-15.133328
3
-4376.69043
1403.139893
212.961807
0.227339
9.349237
-15.133328
3
-4337.00293
1392.406616
219.730667
0.227339
9.349237
-15.133328
3
-4297.31543
1381.67334
226.499527
0.227339
9.349237
-15.133328
3
-4257.62793
1370.940063
233.268387
0.227339
9.349237
-15.133328
3
-4217.94043
1360.206787
240.037247
0.227339
9.349237
-15.133328
3
-4178.25293
1349.473511
246.806107
0.227339
9.349237
-15.133328
3
-4138.56543
1338.740234
253.574966
0.227339
9.349237
-15.133328
3
-4098.87793
1328.006958
260.343842
0.227339
9.349237
-15.133328
3
-4059.190186
1317.273682
267.112701
0.227339
9.349237
-15.133328
3
-4018.653076
1306.310669
274.026428
0.227339
9.349237
-15.133328
3
-3978.965332
1295.577393
280.795288
0.227339
9.349237
-15.133328
3
-3939.277588
1284.844116
287.564148
0.227339
9.349237
-15.133328
3
-3899.589844
1274.11084
294.333008
0.227339
9.349237
-15.133328
3
-3859.461914
1263.258545
301.176971
0.227339
9.349237
-15.133328
3
-3819.77417
1252.525269
307.945831
0.227339
9.349237
-15.133328
3
-3780.043213
1241.780273
314.722076
0.227339
9.349237
-15.133328
3
-3740.355469
1231.046997
321.490936
0.227339
9.349237
-15.133328
3
-3700.667725
1220.313721
328.259796
0.227339
9.349237
-15.133328
3
-3660.97998
1209.580444
335.028656
0.227339
9.349237
-15.133328
3
-3618.772705
1198.165771
342.227264
0.227339
9.349237
-15.133328
3
-3579.084961
1187.432495
348.996124
0.227339
9.349237
-15.133328
3
-3539.397217
1176.699219
355.764984
0.227339
9.349237
-15.133328
3
-3499.709473
1165.965942
362.533844
0.227339
9.349237
-15.133328
3
-3460.021973
1155.232666
369.302704
0.227338
9.349237
-15.133361
3
-3419.677246
1144.321655
376.183624
0.227338
9.349237
-15.133361
3
-3379.989502
1133.588379
382.952484
0.227338
9.349237
-15.133361
3
-3340.302002
1122.855103
389.721344
0.227338
9.349237
-15.133361
3
-3300.614258
1112.121826
396.490204
0.227338
9.349237
-15.133361
3
-3260.681396
1101.314575
401.459259
0.22593
6.84919
-15.14358
3
-3220.319092
1090.391113
406.48172
0.22593
6.84919
-15.14358
3
-3180.38623
1079.583862
411.450775
0.22593
6.84919
-15.14358
3
-3140.453369
1068.776611
416.41983
0.22593
6.84919
-15.14358
3
-3100.520508
1057.96936
421.388885
0.22593
6.84919
-15.14358
3
-3060.587646
1047.162109
426.357941
0.22593
6.84919
-15.14358
3
-3020.654785
1036.354858
431.326996
0.22593
6.84919
-15.14358
3
-2980.716309
1025.546143
436.296722
0.22593
6.84919
-15.14358
3
-2940.575439
1014.672485
438.866364
0.224744
3.535757
-15.157
3
-2900.43457
1003.798828
441.436035
0.224744
3.535757
-15.157
3
-2860.293701
992.925171
444.005707
0.224744
3.535757
-15.157
3
-2820.152832
982.051514
446.575348
0.224744
3.535757
-15.157
3
-2780.011963
971.177856
449.14502
0.224744
3.535757
-15.157
3
-2739.866943
960.303101
451.714935
0.224744
3.535757
-15.157
3
-2699.726074
949.429443
454.284607
0.224744
3.535757
-15.157
3
-2659.585205
938.555786
456.854279
0.224744
3.535757
-15.157
3
-2619.444336
927.682129
459.42392
0.224744
3.535757
-15.157
3
-2579.586914
916.897461
465.009674
0.226359
7.704125
-15.140623
3
-2538.737549
905.844421
470.734436
0.226359
7.704125
-15.140623
3
-2498.880127
895.059753
476.32019
0.226359
7.704125
-15.140623
3
-2459.01709
884.273621
481.906708
0.226359
7.704125
-15.140623
3
-2419.159668
873.488953
487.492462
0.226359
7.704125
-15.140623
3
-2379.302246
862.704285
493.078217
0.226359
7.704125
-15.140623
3
-2339.444824
851.919617
498.663971
0.226359
7.704125
-15.140623
3
-2299.587402
841.134949
504.249725
0.226359
7.704125
-15.140623
3
-2259.72998
830.350281
509.83548
0.226359
7.704125
-15.140623
3
-2219.872559
819.565613
515.421265
0.226359
7.704125
-15.140623
3
-2179.328125
811.731323
520.980408
0.788883
7.667181
-10.93639
3
-2138.198242
803.783936
526.619812
0.788883
7.667181
-10.93639
3
-2097.653809
795.949646
532.178955
0.788883
7.667181
-10.93639
3
-2057.109375
788.115356
537.738098
0.788883
7.667181
-10.93639
3
-2016.564941
780.281067
543.297241
0.788883
7.667181
-10.93639
3
-1976.020508
772.446777
548.856384
0.788883
7.667181
-10.93639
3
-1935.476074
764.612488
554.415527
0.788883
7.667181
-10.93639
3
-1894.931641
756.778198
559.97467
0.788883
7.667181
-10.93639
3
-1854.387207
748.943909
565.533813
0.788883
7.667181
-10.93639
3
-1813.842773
741.109619
571.092957
0.788883
7.667181
-10.93639
3
-1773.29834
733.27533
576.6521
0.788883
7.667181
-10.93639
3
-1732.720703
725.434631
582.215759
0.788883
7.667181
-10.93639
3
-1692.162476
717.597656
587.776794
0.788883
7.667181
-10.93639
3
-1651.611084
709.762024
593.336853
0.788883
7.667181
-10.93639
3
-1611.06665
701.927734
598.895996
0.788883
7.667181
-10.93639
3
-1570.502808
694.089722
604.457764
0.788883
7.667181
-10.93639
3
-1529.933472
686.25061
610.020325
0.788883
7.667181
-10.93639
3
-1489.389038
678.416321
615.579468
0.788883
7.667181
-10.93639
3
-1448.844604
670.582031
621.138611
0.788883
7.667181
-10.93639
3
-1408.057739
662.66687
624.287476
0.784072
4.334137
-10.982469
3
-1366.172485
654.538513
627.521179
0.784072
4.334137
-10.982469
3
-1325.38562
646.623352
630.670044
0.784072
4.334137
-10.982469
3
-1284.583496
638.7052
633.820129
0.784072
4.334137
-10.982469
3
-1243.796631
630.790039
636.968994
0.784072
4.334137
-10.982469
3
-1203.009766
622.874878
640.117859
0.784072
4.334137
-10.982469
3
-1162.223022
614.959717
643.266724
0.784072
4.334137
-10.982469
3
-1121.556641
606.450623
646.423523
0.720838
4.345072
-11.818172
3
-1078.546509
596.794312
649.780579
0.65745
4.355099
-12.653868
3
-1038.155273
587.067017
652.95166
0.590041
4.364716
-13.540556
3
-996.868042
576.484497
656.210938
0.526378
4.372844
-14.376309
3
-956.623413
566.169189
659.387878
0.526378
4.372844
-14.376309
3
-916.378784
555.853882
662.564819
0.526378
4.372844
-14.376309
3
-876.134155
545.538574
665.74176
0.526378
4.372844
-14.376309
3
-835.889526
535.223267
668.918701
0.526378
4.372844
-14.376309
3
-793.267029
524.298523
672.283386
0.526378
4.372844
-14.376309
3
-752.461914
513.8396
675.504578
0.526378
4.372844
-14.376309
3
-712.217285
503.524323
678.681519
0.526378
4.372844
-14.376309
3
-671.972656
493.209045
681.858459
0.526378
4.372844
-14.376309
3
-631.728027
482.893768
685.0354
0.526378
4.372844
-14.376309
3
-591.483398
472.578491
688.212341
0.526378
4.372844
-14.376309
3
-551.23877
462.263214
691.389282
0.526378
4.372844
-14.376309
3
-510.994141
451.947937
694.566223
0.526378
4.372844
-14.376309
3
-470.749512
441.63266
697.743164
0.526378
4.372844
-14.376309
3
-430.504883
431.317383
700.920105
0.526378
4.372844
-14.376309
3
-389.964905
420.926392
704.120361
0.526378
4.372844
-14.376309
3
-349.720276
410.611115
707.297302
0.526378
4.372844
-14.376309
3
-309.475647
400.295837
710.474243
0.526378
4.372844
-14.376309
3
-269.204895
389.973846
713.653259
0.526378
4.372844
-14.376309
3
-228.960266
379.658569
716.8302
0.526378
4.372844
-14.376309
3
-188.715622
369.343292
720.007141
0.526378
4.372844
-14.376309
3
-148.470993
359.028015
723.184082
0.526378
4.372844
-14.376309
3
-108.226349
348.712738
726.361023
0.526378
4.372844
-14.376309
3
-67.98172
338.397461
729.537964
0.526378
4.372844
-14.376309
3
-27.590469
328.670135
732.709045
0.590041
4.364716
-13.540621
3
12.938847
319.532837
735.873535
0.653578
4.35568
-12.704926
3
53.597633
310.987518
739.030823
0.716975
4.345707
-11.869259
3
94.688141
304.826874
742.152527
0.968894
4.296653
-8.526791
3
135.778656
298.666229
745.274231
0.968894
4.296653
-8.526791
3
176.869156
292.505585
748.395935
0.968894
4.296653
-8.526791
3
217.959686
286.34494
751.517639
0.968894
4.296653
-8.526791
3
259.050201
280.184296
754.639343
0.968894
4.296653
-8.526791
3
300.140717
274.023651
757.761047
0.968894
4.296653
-8.526791
3
341.231232
267.863007
760.882751
0.968894
4.296653
-8.526791
3
382.805573
261.608856
762.813477
0.967189
2.62937
-8.555056
3
425.627502
255.167023
764.802124
0.967189
2.62937
-8.555056
3
467.096283
248.284943
766.743103
0.92727
2.643707
-9.422859
3
508.052124
240.867661
768.674683
0.888315
2.657039
-10.265302
3
548.895264
232.85498
770.615417
0.849554
2.669675
-11.099473
3
589.617004
224.248627
772.564941
0.810612
2.68173
-11.933647
3
630.338745
215.642273
774.514465
0.810612
2.68173
-11.933647
3
671.060486
207.035919
776.463989
0.810612
2.68173
-11.933647
3
711.782227
198.429565
778.413513
0.810612
2.68173
-11.933647
3
752.503967
189.823212
780.363037
0.810612
2.68173
-11.933647
3
793.225708
181.216858
782.312561
0.810612
2.68173
-11.933647
3
833.947449
172.610504
784.262085
0.810612
2.68173
-11.933647
3
874.685852
164.000626
786.212402
0.810612
2.68173
-11.933647
3
915.407593
155.394272
788.161926
0.810612
2.68173
-11.933647
3
956.129333
146.787918
790.11145
0.810612
2.68173
-11.933647
3
996.851074
138.181564
792.060974
0.810612
2.68173
-11.933647
3
1037.572754
129.575211
794.010498
0.810612
2.68173
-11.933647
3
1078.294434
120.968857
795.960022
0.810612
2.68173
-11.933647
3
1119.016113
112.362503
797.909546
0.810612
2.68173
-11.933647
3
1159.737793
103.756149
799.85907
0.810612
2.68173
-11.933647
3
1200.459473
95.149796
801.808594
0.810612
2.68173
-11.933647
3
1243.171631
86.122772
803.853394
0.810612
2.68173
-11.933647
3
1283.893311
77.516418
805.802917
0.810612
2.68173
-11.933647
3
1324.61499
68.910065
807.752441
0.810612
2.68173
-11.933647
3
1365.33667
60.303715
809.701965
0.810612
2.68173
-11.933647
3
1406.05835
51.697361
811.651489
0.810612
2.68173
-11.933647
3
1446.780029
43.091011
813.601013
0.810612
2.68173
-11.933647
3
1488.453857
34.283432
815.59613
0.810612
2.68173
-11.933647
3
1529.175537
25.677078
817.545654
0.810612
2.68173
-11.933647
3
1570.849365
16.869497
819.540771
0.810612
2.68173
-11.933647
3
1611.571045
8.263146
821.490295
0.810612
2.68173
-11.933647
3
1652.292725
-0.343208
823.439819
0.810612
2.68173
-11.933647
3
1693.442505
-9.040041
825.409851
0.810612
2.68173
-11.933647
3
1735.038574
-17.831169
827.401245
0.810612
2.68173
-11.933647
3
1777.695068
-26.846439
829.44342
0.810612
2.68173
-11.933647
3
1818.416748
-35.452789
831.392944
0.810612
2.68173
-11.933647
3
1859.138428
-44.059139
833.342468
0.810612
2.68173
-11.933647
3
1899.860107
-52.665493
835.291992
0.810612
2.68173
-11.933647
3
1941.061401
-61.373196
837.264465
0.810612
2.68173
-11.933647
3
1981.783081
-69.979553
839.213989
0.810612
2.68173
-11.933647
3
2022.504761
-78.585907
841.163513
0.810612
2.68173
-11.933647
3
2063.226563
-87.192261
843.113037
0.810612
2.68173
-11.933647
3
2103.962158
-95.801552
845.063232
0.810612
2.68173
-11.933647
3
2144.683838
-104.407906
847.012756
0.810612
2.68173
-11.933647
3
2185.420898
-113.017487
848.963013
0.810612
2.68173
-11.933647
3
2226.142578
-121.62384
850.912537
0.810612
2.68173
-11.933647
3
2266.864258
-130.230194
852.862061
0.810612
2.68173
-11.933647
3
2307.585938
-138.836548
854.811584
0.810612
2.68173
-11.933647
3
2348.307617
-147.442902
856.761108
0.810612
2.68173
-11.933647
3
2391.039307
-156.47403
858.806824
0.810612
2.68173
-11.933647
3
2431.760986
-165.080383
860.756348
0.810612
2.68173
-11.933647
3
2472.482666
-173.686737
862.705872
0.810612
2.68173
-11.933647
3
2513.204346
-182.293091
864.655396
0.810612
2.68173
-11.933647
3
2553.926025
-190.899445
866.604919
0.810612
2.68173
-11.933647
3
2594.618408
-199.560913
864.314575
0.810949
-3.151019
-12.016291
3
2636.348145
-208.443222
861.96582
0.810949
-3.151019
-12.016291
3
2677.079346
-217.112961
859.673279
0.810949
-3.151019
-12.016291
3
2718.03418
-225.830292
857.368164
0.810949
-3.151019
-12.016291
3
2758.726563
-234.49176
855.07782
0.810949
-3.151019
-12.016291
3
2800.099365
-243.29808
852.749146
0.810949
-3.151019
-12.016291
3
2840.791748
-251.959549
850.458801
0.810949
-3.151019
-12.016291
3
2881.484131
-260.621002
848.168457
0.810949
-3.151019
-12.016291
3
2922.211182
-269.289856
845.87616
0.810949
-3.151019
-12.016291
3
2965.066162
-278.411652
843.464111
0.810949
-3.151019
-12.016291
3
3010.719727
-288.12915
840.894531
0.810949
-3.151019
-12.016291
3
3051.412109
-296.790619
838.604187
0.810949
-3.151019
-12.016291
3
3095.985107
-306.278107
836.095398
0.810949
-3.151019
-12.016291
3
3136.67749
-314.939575
833.805054
0.810949
-3.151019
-12.016291
3
3179.286621
-324.009033
831.406799
0.810949
-3.151019
-12.016291
3
3219.979004
-332.670502
829.116455
0.810949
-3.151019
-12.016291
