0
-13270.0
743.55658
1478.150024
0.0
0.0
-0.992859
0
-12605.923828
741.419983
1495.704224
0.0
6.497743
-0.244995
0
-12546.30957
741.1651
1502.494019
0.0
6.497743
-0.244995
0
-12486.695313
740.910217
1509.283813
0.0
6.497743
-0.244995
0
-12427.081055
740.655334
1516.073608
0.0
6.497743
-0.244995
0
-12367.466797
740.400452
1522.863403
0.0
6.497743
-0.244995
0
-12307.852539
740.145569
1529.653198
0.0
6.497743
-0.244995
0
-12248.238281
739.890686
1536.442993
0.0
6.497743
-0.244995
0
-12188.624023
739.635803
1543.232788
0.0
6.497743
-0.244995
0
-12129.009766
739.38092
1550.022583
0.0
6.497743
-0.244995
0
-12069.395508
739.126038
1556.812378
0.0
6.497743
-0.244995
0
-12009.78125
738.871155
1563.602173
0.0
6.497743
-0.244995
0
-11950.166992
738.616272
1570.391968
0.0
6.497743
-0.244995
0
-11890.552734
738.361389
1577.181763
0.0
6.497743
-0.244995
0
-11830.938477
738.106506
1583.971558
0.0
6.497743
-0.244995
0
-11771.324219
737.851624
1590.761353
0.0
6.497743
-0.244995
0
-11711.709961
737.596741
1597.551147
0.0
6.497743
-0.244995
0
-11652.095703
737.341858
1604.340942
0.0
6.497743
-0.244995
0
-11592.481445
737.086975
1611.130737
0.0
6.497743
-0.244995
0
-11532.867188
736.832092
1617.920532
0.0
6.497743
-0.244995
0
-11473.25293
736.537964
1624.710327
0.0
6.497743
-0.282684
0
-11413.644531
736.085632
1631.539429
0.0
6.535419
-0.434753
0
-11354.037109
735.547607
1638.36853
0.0
6.535419
-0.51712
0
-11294.431641
734.827515
1645.197632
0.0
6.535419
-0.692169
0
-11234.828125
733.922913
1652.026733
0.0
6.535419
-0.869537
0
-11175.230469
732.718018
1658.855835
0.0
6.535419
-1.158173
0
-11115.642578
731.082703
1665.684937
0.0
6.535419
-1.572022
0
-11056.074219
728.864685
1672.514038
0.0
6.535419
-2.132416
0
-10996.546875
725.730835
1679.34314
0.0
6.535419
-3.01355
0
-10937.074219
721.682068
1686.172241
0.0
6.535419
-3.894563
0
-10877.679688
716.614258
1693.001343
0.0
6.535419
-4.876956
0
-10818.365234
710.688354
1699.830444
0.0
6.535419
-5.705235
0
-10759.182617
703.562378
1706.659546
0.0
6.535419
-6.865729
0
-10700.151367
695.275696
1713.488647
0.0
6.535419
-7.990854
0
-10641.302734
685.659546
1720.145996
0.0
6.370401
-9.280347
0
-10582.610352
674.997925
1726.588623
0.0
6.164088
-10.295608
0
-10524.139648
663.130493
1732.939331
0.0
6.075808
-11.473102
0
-10465.881836
650.161682
1739.09375
0.0
5.887411
-12.550098
0
-10407.869141
636.118835
1745.206665
0.0
5.847529
-13.607685
0
-10350.225586
620.616089
1751.280151
0.0
5.809759
-15.05306
0
-10292.922852
603.878601
1757.301758
0.0
5.759919
-16.282516
0
-10235.983398
585.944763
1763.323364
-0.0
5.759919
-17.482492
0
-10179.417969
566.864258
1769.344971
0.0
5.759919
-18.640049
0
-10123.279297
546.562744
1775.366577
0.0
5.759919
-19.881468
0
-10067.543945
525.17804
1781.388184
0.0
5.759919
-20.990927
0
-10012.253906
502.667664
1787.40979
0.0
5.759919
-22.152699
0
-9957.467773
478.956268
1793.431396
0.0
5.759919
-23.402931
0
-9903.256836
453.948822
1799.411743
0.0
5.72027
-24.763653
0
-9849.657227
427.655365
1805.39209
0.0
5.72027
-26.130503
0
-9796.647461
400.192963
1811.372437
0.0
5.72027
-27.386919
0
-9744.390625
371.323486
1817.352783
0.0
5.72027
-28.918552
0
-9692.719727
341.417999
1823.33313
0.0
5.72027
-30.060822
0
-9641.600586
310.579315
1829.313477
0.0
5.72027
-31.101149
0
-9591.182617
278.606506
1835.293823
0.0
5.72027
-32.381031
0
-9541.298828
245.805771
1841.27417
0.0
5.72027
-33.326893
0
-9491.941406
212.219116
1847.254517
0.0
5.72027
-34.23436
0
-9443.210938
177.729538
1853.234863
-0.0
5.72027
-35.289162
0
-9395.008789
142.511475
1859.255493
0.0
5.758996
-36.153133
0
-9347.365234
106.567062
1865.426147
-0.0
5.902997
-37.032425
0
-9300.427734
69.74218
1871.814819
0.0
6.112357
-38.116093
0
-9254.117188
32.194645
1878.5625
0.000001
6.457185
-39.034428
0
-9208.625977
-6.288757
1885.600952
0.000001
6.736691
-40.229366
0
-9163.783203
-45.469158
1892.949951
0.000001
7.035422
-41.144535
0
-9119.584961
-85.31897
1900.60144
0.000001
7.3266
-42.038589
0
-9076.253906
-126.058884
1908.518188
0.000002
7.582036
-43.234627
0
-9033.511719
-167.346313
1916.789551
0.000002
7.923763
-44.007854
0
-8991.452148
-209.263031
1925.390991
0.000002
8.24216
-44.902542
0
-8949.956055
-251.656235
1934.38269
0.000002
8.618893
-45.612389
0
-8909.327148
-294.803589
1943.741577
0.000002
8.973775
-46.72179
0
-8869.384766
-338.494934
1953.523071
0.000001
9.382501
-47.566628
0
-8830.288086
-382.846069
1963.740723
0.0
9.804935
-48.602711
0
-8792.099609
-427.828857
1974.611084
0.000001
10.4381
-49.669922
0
-8754.838867
-473.425232
1986.127319
0.0
11.065869
-50.744957
0
-8718.428711
-519.543335
1998.269897
0.000001
11.676003
-51.709183
0
-8682.827148
-566.136047
2010.984375
0.000001
12.234207
-52.616623
0
-8648.035156
-613.143005
2024.394409
0.0
12.914753
-53.492805
0
-8614.086914
-660.606384
2038.350342
0.0
13.450186
-54.425957
0
-8581.158203
-708.618286
2052.860107
0.0
13.994545
-55.555641
0
-8549.117188
-757.05249
2067.943115
0.0
14.559374
-56.513775
0
-8518.070313
-805.99353
2083.462646
0.000001
14.990563
-57.609909
0
-8488.052734
-855.404297
2099.509521
0.0
15.512541
-58.720554
0
-8459.162109
-905.320618
2116.053955
0.0
16.006165
-59.938923
0
-8431.250977
-955.613403
2133.130859
0.0
16.535894
-60.971218
0
-8404.287109
-1006.271667
2150.643555
0.0
16.970539
-61.975048
0
-8378.193359
-1057.218018
2168.63208
0.0
17.446011
-62.879345
0
-8352.978516
-1108.383789
2187.240479
0.000002
18.067686
-63.765606
0
-8328.522461
-1159.765015
2206.263672
0.000002
18.484724
-64.546997
0
-8305.018555
-1211.415771
2225.751709
0.000005
18.953541
-65.532219
0
-8282.283203
-1263.252319
2245.65332
0.000006
19.371494
-66.317703
0
-8260.303711
-1315.234131
2266.019775
0.000007
19.842743
-67.079704
0
-8238.75293
-1367.268433
2286.70752
0.000006
20.169289
-67.502151
0
-8217.254883
-1419.241699
2307.602783
0.000006
20.380505
-67.528236
0
-8195.771484
-1471.17981
2328.600342
0.000006
20.484871
-67.528275
0
-8174.305176
-1523.07666
2349.717041
0.000006
20.60627
-67.528313
0
-8152.86084
-1574.920532
2370.985596
0.000007
20.761232
-67.528328
0
-8131.424805
-1626.744629
2392.310303
0.000008
20.818716
-67.528328
0
-8109.98877
-1678.568726
2413.63501
0.000008
20.818716
-67.528328
0
-8088.552734
-1730.392822
2434.959717
0.000008
20.818716
-67.528328
0
-8067.116699
-1782.216919
2456.284424
0.000008
20.818716
-67.528328
0
-8045.680664
-1834.041016
2477.609131
0.000008
20.818716
-67.528328
0
-8024.244629
-1885.865112
2498.933838
0.000008
20.818716
-67.528328
0
-8002.808594
-1937.689209
2520.258545
0.000008
20.818716
-67.528328
0
-7981.372559
-1989.513306
2541.583252
0.000008
20.818716
-67.528328
0
-7959.936523
-2041.337402
2562.907959
0.000008
20.818716
-67.528328
0
-7938.500488
-2093.161621
2584.232666
0.000008
20.818716
-67.528328
0
-7917.064453
-2144.98584
2605.557373
0.000008
20.818716
-67.528328
0
-7895.628418
-2196.810059
2626.88208
0.000008
20.818716
-67.528328
0
-7874.192383
-2248.634277
2648.206787
0.000008
20.818716
-67.528328
0
-7852.756348
-2300.458496
2669.531494
0.000008
20.818716
-67.528328
0
-7831.320313
-2352.282715
2690.856201
0.000008
20.818716
-67.528328
0
-7809.884277
-2404.106934
2712.180908
0.000008
20.818716
-67.528328
0
-7788.448242
-2455.931152
2733.505615
0.000008
20.818716
-67.528328
0
-7767.012207
-2507.755371
2754.830322
0.000008
20.818716
-67.528328
0
-7745.576172
-2559.57959
2776.155029
0.000008
20.818716
-67.528328
0
-7724.140137
-2611.403809
2797.479736
0.000008
20.818716
-67.528328
0
-7702.704102
-2663.228027
2818.804443
0.000008
20.818716
-67.528328
0
-7681.268066
-2715.052246
2840.12915
0.000008
20.818716
-67.528328
0
-7659.832031
-2766.876465
2861.453857
0.000008
20.818716
-67.528328
0
-7638.395996
-2818.700684
2882.778564
0.000008
20.818716
-67.528328
0
-7616.959961
-2870.524902
2904.103271
0.000008
20.818716
-67.528328
0
-7595.523926
-2922.349121
2925.427979
0.000008
20.818716
-67.528328
0
-7573.979004
-2974.128174
2946.752686
0.000005
20.818716
-67.407921
0
-7552.228027
-3025.788574
2968.156006
0.000005
20.898991
-67.166946
0
-7530.237793
-3077.347656
2989.559326
0.000005
20.898991
-66.90139
0
-7508.05127
-3128.805176
3011.00415
0.000004
20.941435
-66.676102
0
-7485.64502
-3180.148926
3032.49292
0.000004
20.986486
-66.423775
0
-7463.065918
-3231.416992
3053.981689
0.000004
20.986486
-66.230728
0
-7440.344238
-3282.62207
3075.470459
0.000005
20.986486
-66.071335
0
-7417.294922
-3333.68042
3096.959229
0.000005
20.986486
-65.703865
0
-7393.960938
-3384.609375
3118.447998
0.000006
20.986486
-65.384109
0
-7370.187988
-3435.334961
3139.936768
0.000005
20.986486
-64.88942
0
-7345.970215
-3485.868652
3161.380859
0.000006
20.940744
-64.394432
0
-7321.057617
-3536.084229
3182.776611
0.000006
20.891232
-63.613613
0
-7295.241211
-3585.884766
3204.070313
0.000006
20.787106
-62.598072
0
-7268.624023
-3635.318848
3225.231445
0.000005
20.651691
-61.700512
0
-7240.975586
-3684.259521
3246.216553
0.000004
20.472172
-60.536182
0
-7212.291992
-3732.67334
3267.033691
0.000005
20.300953
-59.354717
0
-7182.310059
-3780.350098
3287.72168
0.000005
20.169678
-57.835732
0
-7150.762207
-3827.101563
3308.191895
0.000005
19.948154
-55.988388
0
-7117.567383
-3872.878174
3328.257568
0.000007
19.53764
-54.05249
0
-7082.889648
-3917.812988
3347.707764
0.000007
18.915375
-52.341476
0
-7046.460449
-3961.550049
3366.681641
0.000009
18.435083
-50.208752
0
-7008.416992
-4004.084229
3385.216553
0.00001
17.993818
-48.189953
0
-6968.935547
-4045.550293
3403.154785
0.000013
17.395658
-46.404354
0
-6927.743164
-4085.543945
3420.582275
0.000014
16.885498
-44.154133
0
-6885.05127
-4124.179688
3437.455322
0.000015
16.332811
-42.144764
0
-6840.588867
-4160.947754
3453.924072
0.000016
15.930917
-39.588947
0
-6794.665527
-4196.049805
3470.013916
0.000016
15.555052
-37.392654
0
-6747.092285
-4229.034668
3485.786865
0.000015
15.241286
-34.73555
0
-6698.311035
-4260.381348
3501.206299
0.000014
14.891663
-32.724754
0
-6648.23291
-4289.770508
3516.321777
0.000014
14.591531
-30.407324
0
-6597.041504
-4317.356445
3531.101563
0.000014
14.260457
-28.318964
0
-6544.53125
-4342.53418
3545.550049
0.000015
13.934138
-25.616863
0
-6491.019043
-4365.852539
3559.432373
0.000014
13.377833
-23.545452
0
-6436.22998
-4386.391602
3572.710938
0.000014
12.786011
-20.549797
0
-6380.338379
-4404.355469
3585.097412
0.000014
11.913864
-17.817879
0
-6323.376465
-4419.172852
3596.749756
0.000014
11.19836
-14.581256
0
-6265.471191
-4430.5625
3607.578613
0.000014
10.39789
-11.127582
0
-6206.933594
-4438.874512
3617.78833
0.000014
9.79723
-8.081429
0
-6148.015625
-4444.751465
3627.491943
0.000014
9.30704
-5.696507
0
-6088.832031
-4447.809082
3636.871094
0.000014
8.993235
-2.957336
0
-6029.51123
-4448.424316
3645.85083
0.000014
8.607417
-0.594116
0
-5970.176758
-4446.155762
3654.470703
0.000014
8.259897
2.189609
0
-5910.941406
-4441.210449
3662.636963
0.000014
7.822458
4.772424
0
-5851.858398
-4434.084961
3670.281982
0.000014
7.320241
6.876856
0
-5793.200195
-4423.81543
3677.614502
0.000014
7.019604
9.930474
0
-5735.125488
-4410.441895
3684.578857
0.000014
6.665561
12.968046
0
-5677.606445
-4394.660156
3691.098877
0.000014
6.238414
15.342737
0
-5620.904297
-4376.021484
3697.219971
0.000014
5.855405
18.196455
0
-5564.976563
-4355.050293
3702.902344
0.000014
5.434351
20.554564
0
-5510.138184
-4331.299805
3708.256836
0.000014
5.119937
23.417534
0
-5456.347656
-4305.173828
3713.158691
0.000014
4.686145
25.905668
0
-5403.977051
-4276.244629
3717.678467
0.000014
4.320238
28.916109
0
-5352.831055
-4245.138672
3721.742676
0.000014
3.883939
31.307356
0
-5303.135254
-4211.725098
3725.468018
0.000014
3.55971
33.915489
0
-5254.733887
-4176.427246
3728.841553
0.000014
3.22318
36.102501
0
-5207.76416
-4139.213867
3731.847412
0.000014
2.871691
38.389172
0
-5162.110352
-4100.371094
3734.485352
0.000014
2.519868
40.39135
0
-5117.59668
-4060.21167
3736.881592
0.000014
2.288837
42.055992
0
-5074.253418
-4018.774414
3738.961182
0.000014
1.986185
43.712257
0
-5032.040039
-3976.173584
3740.744629
0.000014
1.703394
45.261662
0
-4991.257324
-3932.186523
3742.122559
0.000014
1.316054
47.164528
0
-4951.991211
-3886.826172
3742.894287
0.000014
0.736916
49.118763
0
-4914.478027
-3839.999512
3743.08667
0.000014
0.183821
51.301559
0
-4878.902344
-3791.685547
3742.707764
0.000014
-0.36187
53.634247
0
-4845.296387
-3741.990967
3741.662598
0.000014
-0.998041
55.931496
0
-4813.252441
-3691.286865
3740.155029
0.000014
-1.439811
57.707882
0
-4783.007813
-3639.500488
3738.309326
0.000014
-1.76281
59.713787
0
-4754.534668
-3586.730469
3736.163574
0.000014
-2.049371
61.649986
0
-4727.636719
-3533.151855
3733.753662
0.000014
-2.301903
63.341961
0
-4702.285156
-3478.835938
3731.09082
0.000014
-2.54361
64.979706
0
-4678.335938
-3423.895996
3728.256836
0.000014
-2.707364
66.446869
0
-4655.906738
-3368.333252
3725.140137
0.000014
-2.977628
68.01725
0
-4634.970215
-3312.202148
3721.830078
0.000014
-3.162384
69.544701
0
-4615.796875
-3255.45752
3718.304199
0.000014
-3.368799
71.33046
0
-4598.093262
-3198.253906
3714.519287
0.000014
-3.616817
72.803596
0
-4581.523926
-3140.723633
3710.553223
0.000014
-3.790126
73.932861
0
-4565.774902
-3082.976318
3706.405518
0.000014
-3.963866
74.744942
0
-4550.770996
-3025.037354
3702.168701
0.000014
-4.049339
75.481689
0
-4536.525879
-2966.91333
3697.846191
0.000014
-4.131226
76.229309
0
-4523.137207
-2908.586182
3693.523682
0.000014
-4.131226
77.072159
0
-4510.813965
-2850.02832
3689.150391
0.000014
-4.179898
78.115723
0
-4499.368652
-2791.295898
3684.735107
0.000014
-4.220032
78.97271
0
-4488.585938
-2732.437988
3680.319824
0.000014
-4.220032
79.618553
0
-4478.288574
-2673.493408
3675.904541
0.000015
-4.220032
80.090599
0
-4468.15918
-2614.519775
3671.489258
0.000014
-4.220032
80.253761
0
-4458.235352
-2555.510986
3667.073975
0.000014
-4.220032
80.453613
0
-4448.70752
-2496.437012
3662.658691
0.000014
-4.220032
80.837677
0
-4439.848633
-2437.259033
3658.243408
0.000015
-4.220032
81.485855
0
-4432.008301
-2377.9375
3653.828125
0.000015
-4.220032
82.471031
0
-4424.977539
-2318.514648
3649.412842
0.000015
-4.220032
83.252144
0
-4418.614258
-2259.016602
3644.997559
0.000015
-4.220032
83.895493
0
-4412.757813
-2199.466553
3640.582275
0.000015
-4.220032
84.383141
0
-4407.222168
-2139.885742
3636.166992
0.000015
-4.220032
84.691872
0
-4402.027344
-2080.274414
3631.751709
0.000015
-4.220032
85.019745
0
-4397.387695
-2020.617188
3627.336426
0.000015
-4.220032
85.553093
0
-4393.682617
-1960.894653
3622.921143
0.000015
-4.220032
86.450142
0
-4390.959961
-1901.119263
3618.505859
0.000015
-4.220032
87.391922
0
-4389.211914
-1841.307495
3614.090576
0.000015
-4.220032
88.325737
0
-4388.107422
-1781.480347
3609.675293
0.000015
-4.220032
88.942429
0
-4387.516113
-1721.645996
3605.26001
0.000015
-4.220032
89.433723
0
-4387.318359
-1661.80896
3600.844727
0.000015
-4.220032
89.810471
0
-4387.504395
-1601.971924
3596.429443
0.000014
-4.220032
90.178246
0
-4388.299805
-1542.139893
3592.01416
0.000015
-4.220032
90.761864
0
-4389.762207
-1482.320435
3587.598877
0.000015
-4.220032
91.400497
0
-4391.833984
-1422.518921
3583.183594
0.000015
-4.220032
91.984032
0
-4394.532227
-1362.742432
3578.768311
0.000015
-4.220032
92.584297
0
-4397.589844
-1302.983276
3574.353027
0.000015
-4.220032
92.929085
0
-4400.807617
-1243.232544
3569.937744
0.000015
-4.220032
93.082375
0
-4404.196777
-1183.491211
3565.522461
0.000015
-4.220032
93.246834
0
-4407.989258
-1123.77417
3561.107178
0.000015
-4.220032
93.633751
0
-4412.354492
-1064.096313
3556.691895
0.000015
-4.220032
94.183395
0
-4417.601563
-1004.489502
3552.276611
0.000015
-4.220032
95.030685
0
-4423.478516
-944.941467
3547.861328
0.000015
-4.220032
95.636604
0
-4429.887207
-885.448303
3543.446045
0.000015
-4.220032
96.148354
0
-4436.484863
-825.97583
3539.030762
0.000015
-4.220032
96.330452
0
-4443.244141
-766.521484
3534.615479
0.000015
-4.220032
96.486107
0
-4450.28418
-707.099731
3530.200195
0.000015
-4.220032
96.756569
0
-4457.785645
-647.734497
3525.784912
0.000015
-4.220032
97.201782
0
-4466.121582
-588.480652
3521.369629
0.000015
-4.220032
98.008095
0
-4475.283691
-529.348877
3516.954346
0.000015
-4.220032
98.807465
0
-4485.578125
-470.399658
3512.593262
0.000016
-4.168088
99.905617
0
-4496.746582
-411.603973
3508.311523
0.000016
-4.092342
100.755287
0
-4508.555176
-352.927368
3504.114258
0.000016
-4.011411
101.37854
0
-4520.844727
-294.349609
3499.916992
0.000016
-4.011411
101.848633
0
-4533.598633
-235.867096
3495.778564
0.000016
-3.955144
102.302704
0
-4547.026367
-177.526093
3491.775635
0.000016
-3.825411
102.961403
0
-4561.32373
-119.381409
3487.931396
0.000016
-3.673405
103.814651
0
-4576.336914
-61.396175
3484.421631
0.000016
-3.353418
104.51593
0
-4592.099121
-3.593575
3481.193848
0.000016
-3.083707
105.253006
0
-4608.194336
54.126869
3478.144043
0.000016
-2.913635
105.580818
0
-4624.514648
111.792839
3475.265625
0.000017
-2.749718
105.802292
0
-4641.259766
169.339676
3472.445068
0.000017
-2.694366
106.224297
0
-4658.552246
226.739059
3469.939941
0.000017
-2.392943
106.765907
0
-4676.564941
283.93042
3467.774902
0.000017
-2.06799
107.482185
0
-4695.331543
340.891846
3465.984619
0.000016
-1.70987
108.235191
0
-4714.531738
397.721863
3464.679443
0.000016
-1.246489
108.667633
0
-4734.269531
454.374237
3463.713867
0.000016
-0.922178
109.208344
0
-4754.63623
510.809418
3463.188477
0.000016
-0.501643
109.843674
0
-4775.674316
567.000244
3463.20752
0.000016
0.018168
110.525917
0
-4797.551758
622.867126
3463.736816
0.000016
0.505482
111.385101
0
-4820.299805
678.372192
3465.045898
0.000016
1.250123
112.285606
0
-4843.612305
733.621948
3467.046143
0.000016
1.910527
112.876953
0
-4867.412109
788.640381
3469.603516
0.000016
2.44279
113.392334
0
-4891.791504
843.376587
3472.699951
0.000016
2.95823
114.008133
0
-4916.811035
897.790649
3476.323242
0.000017
3.462079
114.692993
0
-4942.400879
951.899231
3480.49707
0.000017
3.988899
115.311096
0
-4968.650879
1005.647949
3485.187256
0.000017
4.483445
116.030304
0
-4995.253906
1059.158325
3490.56543
0.000017
5.142791
116.434448
0
-5022.197754
1112.447144
3496.425293
0.000018
5.604751
116.821884
0
-5049.431641
1165.526245
3502.823486
0.000018
6.121372
117.161263
0
-5076.915527
1218.409424
3509.751465
0.000019
6.630488
117.461533
0
-5104.773926
1271.037109
3517.116455
0.000019
7.050886
117.894211
0
-5132.826172
1323.496582
3524.930908
0.000019
7.483578
118.135468
0
-5160.945313
1375.858887
3533.145996
0.00002
7.869648
118.236412
0
-5189.174316
1428.111938
3541.675293
0.000021
8.172546
118.379456
0
-5217.422852
1480.296875
3550.550293
0.000022
8.50631
118.427238
0
-5245.754883
1532.402466
3559.623291
0.000023
8.697474
118.534622
0
-5274.253418
1584.357788
3569.029785
0.000023
9.019653
118.745522
0
-5302.893066
1636.164795
3578.817627
0.000024
9.38875
118.93438
0
-5331.742676
1687.79895
3588.898193
0.000026
9.672046
119.193436
0
-5360.702148
1739.318604
3599.246094
0.000026
9.931087
119.340546
0
-5389.695313
1790.767944
3609.84668
0.000026
10.176223
119.40242
0
-5418.762695
1842.108521
3620.766113
0.000026
10.485774
119.517128
0
-5447.90625
1893.342163
3631.980713
0.000026
10.772532
119.632713
0
-5477.179688
1944.408691
3643.611328
0.000027
11.177119
119.823311
0
-5506.805176
1995.192383
3655.584229
0.000027
11.510664
120.257797
0
-5536.526367
2045.757813
3668.225342
0.000028
12.162395
120.445953
0
-5566.283691
2096.154297
3681.443359
0.000028
12.726772
120.560219
0
-5596.039063
2146.427246
3695.12793
0.000028
13.183726
120.62011
0
-5625.742188
2196.612549
3709.239502
0.000028
13.602915
120.620094
0
-5655.447266
2246.677246
3723.770264
0.000029
14.015295
120.682098
0
-5685.269531
2296.552734
3738.706299
0.000028
14.414383
120.87661
0
-5715.19873
2346.203369
3754.167725
0.000028
14.933074
121.08165
0
-5745.157715
2395.660645
3770.181641
0.000026
15.479858
121.205429
0
-5775.115234
2444.99585
3786.570068
0.000027
15.851168
121.26738
0
-5805.01709
2494.239014
3803.33252
0.000027
16.222879
121.26738
0
-5834.84375
2543.358643
3820.584229
0.000028
16.710064
121.267395
0
-5864.604492
2592.369629
3838.253418
0.000029
17.126862
121.267418
0
-5894.241699
2641.299316
3856.35083
0.000029
17.555027
121.203697
0
-5923.69043
2690.139404
3874.989746
0.000026
18.098293
121.088371
0
-5952.767578
2738.980225
3894.20166
0.000025
18.675034
120.767082
0
-5981.068848
2787.94458
3914.240234
0.000024
19.510406
120.027672
0
-6008.762207
2836.811768
3935.336914
0.000024
20.585882
119.540649
0
-6036.090332
2885.597412
3957.088623
0.000026
21.255499
119.256134
0
-6063.231445
2934.300049
3979.256104
0.000024
21.682249
119.130379
0
-6089.995117
2982.986816
4001.912354
0.000026
22.185307
118.79805
0
-6116.181152
3031.745361
4025.083252
0.000028
22.717037
118.238411
0
-6141.224121
3080.815186
4048.853271
0.000029
23.338858
117.037445
0
-6165.171875
3130.053467
4073.390869
0.000028
24.139479
115.936569
0
-6188.238281
3179.434082
4098.480957
0.000028
24.718863
115.038002
0
-6210.641602
3228.932617
4123.936523
0.000029
25.103943
114.351524
0
-6231.741699
3278.940186
4149.510742
0.000025
25.22875
112.87664
0
-6251.81543
3329.200684
4175.413086
0.000025
25.575771
111.771439
0
-6269.748047
3380.08667
4201.662598
0.000024
25.944164
109.412903
0
-6285.461426
3431.489258
4228.324707
0.000022
26.38295
106.997795
0
-6297.775879
3483.713623
4255.175293
0.000027
26.584215
103.267715
0
-6306.768066
3536.439941
4282.361328
0.000027
26.942875
99.678574
0
-6312.021484
3589.608643
4309.665039
0.000025
27.068796
95.643112
0
-6313.733887
3643.008789
4336.96875
0.000022
27.068796
91.836449
0
-6311.367676
3696.415039
4364.211426
0.000021
27.003439
87.463219
0
-6305.212402
3749.857178
4390.783203
0.00002
26.286514
83.429764
0
-6294.880859
3802.871826
4416.912109
0.000021
25.815935
78.97242
0
-6280.560059
3855.266113
4442.402344
0.000019
25.140579
74.712837
0
-6261.231445
3906.321289
4467.297363
0.000021
24.51417
69.264267
0
-6236.936523
3955.659912
4491.286133
0.00002
23.566589
63.783752
0
-6207.430176
4002.704102
4514.006348
0.000019
22.251259
57.903812
0
-6172.407227
4046.613281
4535.109863
0.00002
20.592813
51.42321
0
-6131.951172
4086.497559
4554.411133
0.000019
18.764927
44.592239
0
-6086.493164
4121.490234
4571.991699
0.00002
17.038425
37.588379
0
-6036.747559
4151.183594
4587.602051
0.00002
15.08036
30.833218
0
-5983.459961
4175.144043
4601.252441
0.00002
13.150299
24.210875
0
-5926.992188
4191.677734
4613.001465
0.00002
11.292242
16.320227
0
-5868.458008
4200.713867
4622.598145
0.00002
9.203536
8.775508
0
-5808.932129
4201.890137
4630.034668
0.00002
7.119748
1.132001
0
-5749.456543
4196.021484
4635.349121
0.00002
5.081476
-5.635287
0
-5690.89209
4183.406738
4638.675781
0.00002
3.178169
-12.155873
0
-5633.736816
4165.220215
4640.258789
0.00002
1.511808
-17.650583
0
-5578.582031
4141.601074
4640.530762
0.00002
0.259861
-23.181986
0
-5525.553223
4113.535645
4639.975586
0.00002
-0.530337
-27.88991
0
-5474.736816
4081.658936
4638.71582
0.00002
-1.202912
-32.099693
0
-5426.671387
4045.807373
4636.620605
0.00002
-2.001307
-36.718891
0
-5381.162598
4006.808594
4633.786133
0.00002
-2.707794
-40.594723
0
-5338.044922
3965.221924
4630.405762
0.00002
-3.229525
-43.964497
0
-5296.929199
3921.705811
4626.424316
0.00002
-3.804832
-46.624657
0
-5257.279297
3876.892334
4621.994629
0.00002
-4.233891
-48.49831
0
-5218.696777
3831.182129
4617.30957
0.00002
-4.478275
-49.833324
0
-5181.179688
3784.616943
4612.392578
0.000019
-4.700768
-51.142109
0
-5144.438477
3737.455566
4607.304688
0.000019
-4.864378
-52.079426
0
-5108.37793
3689.789307
4602.053711
0.000019
-5.020598
-52.891983
0
-5072.87793
3641.713623
4596.718262
0.00002
-5.101844
-53.557037
0
-5037.641602
3593.455078
4591.283691
0.00002
-5.196838
-53.86478
0
-5002.405273
3545.196533
4585.849121
0.00002
-5.196838
-53.86478
0
-4967.168945
3496.937988
4580.414551
0.00002
-5.196838
-53.86478
0
-4931.932617
3448.679443
4574.97998
0.00002
-5.196838
-53.86478
0
-4896.696289
3400.420898
4569.54541
0.00002
-5.196838
-53.86478
0
-4861.459961
3352.162354
4564.11084
0.00002
-5.196838
-53.86478
0
-4826.223633
3303.903809
4558.67627
0.00002
-5.196838
-53.86478
0
-4790.987305
3255.645264
4553.241699
0.00002
-5.196838
-53.86478
0
-4755.750977
3207.386719
4547.807129
0.00002
-5.196838
-53.86478
0
-4720.514648
3159.128174
4542.372559
0.00002
-5.196838
-53.86478
0
-4685.27832
3110.869629
4536.937988
0.00002
-5.196838
-53.86478
0
-4650.041992
3062.611084
4531.503418
0.00002
-5.196838
-53.86478
0
-4614.805664
3014.352539
4526.068848
0.00002
-5.196838
-53.86478
0
-4579.569336
2966.093994
4520.634277
0.00002
-5.196838
-53.86478
0
-4544.333008
2917.835449
4515.199707
0.00002
-5.196838
-53.86478
0
-4509.09668
2869.576904
4509.765137
0.00002
-5.196838
-53.86478
0
-4473.860352
2821.318359
4504.330566
0.00002
-5.196838
-53.86478
0
-4438.624023
2773.059814
4498.895996
0.00002
-5.196838
-53.86478
0
-4403.387695
2724.80127
4493.461426
0.00002
-5.196838
-53.86478
0
-4368.151367
2676.542725
4488.026855
0.00002
-5.196838
-53.86478
0
-4332.915039
2628.28418
4482.592285
0.00002
-5.196838
-53.86478
0
-4297.678711
2580.025635
4477.157715
0.00002
-5.196838
-53.86478
0
-4262.442383
2531.76709
4471.723145
0.00002
-5.196838
-53.86478
0
-4227.206055
2483.508545
4466.288574
0.00002
-5.196838
-53.86478
0
-4191.969727
2435.25
4460.854004
0.00002
-5.196838
-53.86478
0
-4156.733398
2386.991455
4455.419434
0.00002
-5.196838
-53.86478
0
-4121.49707
2338.73291
4449.984863
0.00002
-5.196838
-53.86478
0
-4086.260986
2290.474365
4444.550293
0.00002
-5.196838
-53.86478
0
-4051.024902
2242.21582
4439.115723
0.00002
-5.196838
-53.86478
0
-4015.788818
2193.957275
4433.681152
0.00002
-5.196838
-53.86478
0
-3980.552734
2145.69873
4428.246582
0.00002
-5.196838
-53.86478
0
-3945.31665
2097.440186
4422.812012
0.00002
-5.196838
-53.86478
0
-3910.080566
2049.181641
4417.377441
0.00002
-5.196838
-53.86478
0
-3874.844482
2000.923218
4411.942871
0.00002
-5.196838
-53.86478
0
-3839.608398
1952.664795
4406.508301
0.00002
-5.196838
-53.86478
0
-3804.372314
1904.406372
4401.07373
0.00002
-5.196838
-53.86478
0
-3769.13623
1856.147949
4395.63916
0.00002
-5.196838
-53.86478
0
-3734.228516
1807.651367
4390.20459
0.00002
-5.196838
-54.253788
0
-3699.593994
1758.977661
4384.60791
0.00002
-5.352443
-54.56567
0
-3665.379395
1710.017334
4378.929688
0.00002
-5.430417
-55.053303
0
-3631.48584
1660.846069
4373.149902
0.00002
-5.527952
-55.421646
0
-3597.985352
1611.413574
4367.306152
0.00002
-5.589348
-55.874435
0
-3564.875977
1561.718384
4361.462402
0.00002
-5.589348
-56.326454
0
-3532.086914
1511.827393
4355.480957
0.000021
-5.721342
-56.686562
0
-3499.62793
1461.730225
4349.424316
0.000021
-5.793366
-57.059944
0
-3467.489746
1411.426636
4343.367676
0.000021
-5.793366
-57.426098
0
-3435.614746
1360.955811
4337.311035
0.00002
-5.793366
-57.725346
0
-3404.22876
1310.179443
4331.254395
0.00002
-5.793366
-58.278969
0
-3373.369141
1259.081421
4325.197754
0.00002
-5.793366
-58.870926
0
-3342.88623
1207.757813
4319.141113
0.00002
-5.793366
-59.292309
0
-3312.735352
1156.238525
4313.084473
0.00002
-5.793366
-59.662251
0
-3282.855713
1104.561401
4307.027832
0.00002
-5.793366
-59.963486
0
-3253.363525
1052.662109
4300.971191
0.00002
-5.793366
-60.392258
0
-3224.388916
1000.463074
4294.994141
0.00002
-5.717285
-60.966156
0
-3196.188232
947.833374
4289.091797
0.00002
-5.64554
-61.816216
0
-3168.731934
894.783936
4283.442383
0.00002
-5.402679
-62.635788
0
-3142.003174
841.346497
4277.963867
0.000021
-5.238769
-63.426392
0
-3115.775879
787.625061
4272.852051
0.000021
-4.887424
-63.977928
0
-3090.184082
733.590271
4267.822266
0.000021
-4.808624
-64.656906
0
-3065.263672
679.21936
4263.050293
0.000021
-4.561733
-65.375984
0
-3041.012939
624.53833
4258.37207
0.000021
-4.471854
-66.08297
0
-3017.488037
569.518311
4253.970703
0.000021
-4.206754
-66.849892
0
-2994.446045
514.279846
4249.754395
0.000022
-4.029784
-67.357285
0
-2971.820557
458.846222
4245.855957
0.000022
-3.725369
-67.796921
0
-2950.074219
403.044128
4242.220215
0.000022
-3.474175
-68.708801
0
-2929.295166
346.845856
4239.061035
0.000022
-3.018247
-69.708252
0
-2909.359863
290.318207
4236.376953
0.000022
-2.563964
-70.573936
0
-2890.344971
233.454742
4234.145996
0.000022
-2.131101
-71.510216
0
-2871.98584
176.355484
4232.527344
0.000022
-1.545897
-72.175926
0
-2854.199463
119.064613
4231.344238
0.000022
-1.129816
-72.752579
0
-2837.001221
61.585197
4230.765137
0.000022
-0.553102
-73.342361
0
-2820.319092
3.95145
4231.009277
0.000022
0.233333
-73.856911
0
-2804.075928
-53.801472
4231.882324
0.000022
0.83372
-74.291267
0
-2788.119385
-111.620773
4233.405273
0.000022
1.454291
-74.571999
0
-2772.424805
-169.489624
4235.61377
0.000022
2.109436
-74.825867
0
-2756.931396
-227.393066
4238.287109
0.000022
2.553794
-75.020119
0
-2741.443115
-285.277649
4241.367188
0.000022
2.942445
-75.020111
0
-2725.078125
-342.906494
4244.700195
0.000022
3.184295
-74.146988
0
-2706.654785
-399.873047
4248.624023
0.000022
3.749548
-72.078537
0
-2685.266602
-455.747986
4253.155273
0.000022
4.331289
-69.05378
0
-2660.945557
-510.370941
4258.137695
0.000022
4.763401
-65.998924
0
-2632.005127
-562.672058
4263.337402
0.000022
4.971688
-61.042328
0
-2597.843506
-611.722473
4268.537109
0.000022
4.971688
-55.144276
0
-2558.045166
-656.331116
4273.652344
0.000022
4.890757
-48.261761
0
-2513.386719
-696.197388
4277.689941
0.000022
3.858381
-41.75502
0
-2464.19165
-730.414734
4280.692383
0.000022
2.868222
-34.820324
0
-2410.885498
-757.888062
4282.611816
0.000022
1.833175
-27.266037
0
-2353.796387
-776.339417
4283.23584
0.000022
0.595832
-17.91099
0
-2294.400635
-784.754944
4282.088379
0.000022
-1.096034
-8.064309
0
-2234.470215
-783.540833
4279.468262
0.000022
-2.502711
1.160574
0
-2176.043701
-770.459412
4275.568848
0.000022
-3.726435
12.620106
0
-2121.970703
-745.053284
4270.034668
0.000022
-5.292324
25.166391
0
-2074.116455
-709.593872
4262.781738
0.000022
-6.943146
36.538048
0
-2034.152954
-665.648193
4254.314453
0.000022
-8.112796
47.717098
0
-2005.963257
-613.412476
4245.552734
0.000021
-8.397
61.64595
0
-1990.258057
-556.171082
4236.791016
0.000021
-8.397
74.657341
0
-1986.495728
-496.933655
4228.029297
0.00002
-8.397
86.365822
0
-1992.975586
-437.93161
4219.267578
0.000021
-8.397
96.267403
0
-2009.992432
-381.066376
4210.505859
0.000021
-8.397
106.659805
0
-2035.54834
-327.492798
4201.744141
0.000021
-8.397
115.502266
0
-2066.522705
-276.858643
4192.982422
0.000021
-8.397
121.45536
0
-2102.355713
-229.565689
4184.072754
0.000021
-8.539553
127.150436
0
-2141.469238
-184.799988
4175.938477
0.000022
-7.791716
131.144943
0
-2183.072266
-142.206055
4168.525391
0.000022
-7.097017
134.325638
0
-2226.391846
-101.276245
4161.584961
0.000022
-6.642639
136.62471
0
-2271.609375
-62.396069
4154.974121
0.000022
-6.3255
139.309525
0
-2318.056152
-24.902546
4148.895996
0.000022
-5.814109
141.088226
0
-2364.750977
12.372364
4143.40332
0.000022
-5.252442
141.400864
0
-2411.461182
49.659477
4138.12793
0.000022
-5.044033
141.400864
0
-2458.171387
86.946594
4132.852539
0.000022
-5.044033
141.400864
0
-2504.881592
124.233704
4127.577148
0.000022
-5.044033
141.400864
0
-2551.538574
161.587479
4122.301758
0.000022
-5.044033
141.319046
0
-2597.649902
199.624512
4117.111816
0.000022
-4.962187
140.480911
0
-2643.054199
238.528976
4112.123535
0.000022
-4.76877
139.4086
0
-2687.965332
278.015839
4107.247559
0.000022
-4.661529
138.677338
0
-2732.819336
317.567657
4102.371582
0.000022
-4.661529
138.594421
0
-2777.554688
357.25354
4097.495605
0.000022
-4.661522
138.422943
0
-2822.072754
397.183105
4092.619385
0.000022
-4.661529
138.110062
0
-2866.078613
437.6763
4087.743164
0.000021
-4.661529
137.380478
0
-2909.402832
478.898163
4082.866943
0.000021
-4.661529
136.424408
0
-2952.075195
520.794373
4077.990723
0.000021
-4.661529
135.525818
0
-2993.623779
563.805359
4073.114502
0.000021
-4.661529
134.009186
0
-3033.494873
608.37561
4068.238281
0.000022
-4.661529
131.81485
0
-3070.522949
655.334534
4063.362061
0.000022
-4.661529
128.2565
0
-3104.654541
704.438965
4058.48584
0.000022
-4.661529
124.802551
0
-3135.036621
755.922485
4053.349854
0.000022
-4.910523
120.546219
0
-3160.331543
810.011658
4047.474121
0.000022
-5.6199
115.063301
0
-3178.729248
866.729553
4040.79541
0.000023
-6.390926
107.971672
0
-3190.374023
925.095886
4033.195068
0.000023
-7.277375
101.283134
0
-3197.114258
984.037354
4024.224365
0.000023
-8.598573
96.523705
0
-3199.351074
1043.160889
4014.25415
0.000024
-9.565338
92.166626
0
-3197.182373
1102.159424
4003.554932
0.000026
-10.27188
87.894829
0
-3188.967529
1160.502808
3992.216064
0.000027
-10.893215
81.98542
0
-3175.779053
1217.893555
3980.710938
0.000026
-11.055111
77.057991
0
-3158.569336
1274.117554
3968.765625
0.000028
-11.483582
72.981155
0
-3138.191406
1329.107544
3956.083008
0.000028
-12.203
69.666557
0
-3115.067871
1382.776978
3942.485107
0.000029
-13.098841
66.691208
0
-3088.912109
1434.848633
3928.187988
0.00003
-13.785465
63.329414
0
-3060.313477
1485.489258
3913.435303
0.000031
-14.233704
60.544952
0
-3030.635986
1535.355713
3898.184326
0.00003
-14.725067
59.241478
0
-3000.387451
1584.727539
3882.453857
0.000031
-15.199028
58.505539
0
-2969.596191
1633.736206
3866.640869
0.000031
-15.280792
57.859676
0
-2938.015625
1682.239868
3850.827881
0.000031
-15.280792
56.931896
0
-2905.959473
1730.367432
3834.823486
0.000033
-15.470391
56.333801
0
-2873.844727
1778.427124
3818.73291
0.000033
-15.555817
56.248154
0
-2841.72998
1826.486816
3802.642334
0.000033
-15.555817
56.248154
0
-2809.615234
1874.546509
3786.551758
0.000033
-15.555817
56.248154
0
-2777.293457
1922.467285
3770.461182
0.000033
-15.555817
56.001053
0
-2744.679932
1970.189941
3754.370605
0.000034
-15.555817
55.651451
0
-2711.900391
2017.798706
3738.280029
0.000034
-15.555817
55.451862
0
-2679.12085
2065.407471
3722.189453
0.000034
-15.555817
55.451862
0
-2646.276367
2112.971436
3706.098877
0.000034
-15.555817
55.373768
0
-2613.172363
2160.355225
3690.008301
0.000034
-15.555817
55.060387
0
-2579.404053
2207.267822
3673.917725
0.000034
-15.555817
54.253159
0
-2545.24292
2253.895264
3657.827148
0.000034
-15.555817
53.771992
0
-2511.081787
2300.522705
3641.736572
0.000034
-15.555817
53.771992
0
-2476.920654
2347.150146
3625.645996
0.000034
-15.555817
53.771992
0
-2442.759521
2393.777588
3609.55542
0.000034
-15.555817
53.771992
0
-2408.523438
2440.349854
3593.464844
0.000035
-15.555817
53.679852
0
-2374.11792
2486.797119
3577.374268
0.000035
-15.555817
53.4711
0
-2339.698486
2533.263428
3561.368652
0.000035
-15.471532
53.471111
