0
-12953.15625
743.961975
1383.948975
-0.0
5.734354
1.106408
0
-12923.311523
744.53833
1386.946411
-0.0
5.734354
1.106408
0
-12893.466797
745.114685
1389.943848
-0.0
5.734354
1.106408
0
-12863.62207
745.69104
1392.941284
-0.0
5.734354
1.106408
0
-12833.777344
746.267395
1395.938721
-0.0
5.734354
1.106408
0
-12803.932617
746.84375
1398.936157
-0.0
5.734354
1.106408
0
-12774.087891
747.420105
1401.933594
-0.0
5.734354
1.106408
0
-12744.243164
747.99646
1404.93103
-0.0
5.734354
1.106408
0
-12714.398438
748.572815
1407.928467
-0.0
5.734354
1.106408
0
-12684.553711
749.14917
1410.925903
-0.0
5.734354
1.106408
0
-12654.708984
749.725525
1413.92334
-0.0
5.734354
1.106408
0
-12624.864258
750.30188
1416.920776
-0.0
5.734354
1.106408
0
-12595.019531
750.878235
1419.918213
-0.0
5.734354
1.106408
0
-12565.174805
751.45459
1422.915649
-0.0
5.734354
1.106408
0
-12535.330078
752.030945
1425.913086
-0.0
5.734354
1.106408
0
-12505.485352
752.6073
1428.910522
-0.0
5.734354
1.106408
0
-12475.640625
753.183655
1431.907959
-0.0
5.734354
1.106408
0
-12445.795898
753.76001
1434.905396
-0.0
5.734354
1.106408
0
-12415.951172
754.336365
1437.902832
-0.0
5.734354
1.106408
0
-12386.106445
754.91272
1440.900269
-0.0
5.734354
1.106408
0
-12356.261719
755.489075
1443.897705
-0.0
5.734354
1.106408
0
-12326.416992
756.06543
1446.895142
-0.0
5.734354
1.106408
0
-12296.572266
756.641785
1449.892578
-0.0
5.734354
1.106408
0
-12266.727539
757.21814
1452.890015
-0.0
5.734354
1.106408
0
-12236.882813
757.794495
1455.887451
-0.0
5.734354
1.106408
0
-12207.038086
758.37085
1458.884888
-0.0
5.734354
1.106408
0
-12177.193359
758.947205
1461.882324
-0.0
5.734354
1.106408
0
-12147.348633
759.52356
1464.879761
-0.0
5.734354
1.106408
0
-12117.503906
760.099915
1467.877197
-0.0
5.734354
1.106408
0
-12087.65918
760.67627
1470.874634
-0.0
5.734354
1.106408
0
-12057.814453
761.252625
1473.87207
-0.0
5.734354
1.106408
0
-12027.969727
761.828979
1476.869507
-0.0
5.734354
1.106408
0
-11998.125
762.405334
1479.866943
-0.0
5.734354
1.106408
0
-11968.280273
762.981689
1482.86438
-0.0
5.734354
1.106408
0
-11938.435547
763.558044
1485.861816
-0.0
5.734354
1.106408
0
-11908.59082
764.134399
1488.859253
-0.0
5.734354
1.106408
0
-11878.746094
764.710754
1491.856689
-0.0
5.734354
1.106408
0
-11848.901367
765.287109
1494.854126
-0.0
5.734354
1.106408
0
-11819.056641
765.863464
1497.851563
-0.0
5.734354
1.106408
0
-11789.211914
766.439819
1500.848999
-0.0
5.734354
1.106408
0
-11759.367188
767.016174
1503.846436
-0.0
5.734354
1.106408
0
-11729.522461
767.592529
1506.843872
-0.0
5.734354
1.106408
0
-11699.677734
768.168884
1509.841309
-0.0
5.734354
1.106408
0
-11669.833008
768.745239
1512.838745
-0.0
5.734354
1.106408
0
-11639.988281
769.321594
1515.836182
-0.0
5.734354
1.106408
0
-11610.143555
769.897949
1518.833618
-0.0
5.734354
1.106408
0
-11580.298828
770.474304
1521.831055
-0.0
5.734354
1.106408
0
-11550.454102
771.050659
1524.828491
-0.0
5.734354
1.106408
0
-11520.609375
771.627014
1527.825928
-0.0
5.734354
1.106408
0
-11490.764648
772.203369
1530.823364
-0.0
5.734354
1.106408
0
-11460.919922
772.779724
1533.820801
-0.0
5.734354
1.106408
0
-11431.075195
773.356079
1536.818237
-0.0
5.734354
1.106408
0
-11401.230469
773.932434
1539.815674
-0.0
5.734354
1.106408
0
-11371.385742
774.508789
1542.81311
-0.0
5.734354
1.106408
0
-11341.541016
775.085144
1545.810547
-0.0
5.734354
1.106408
0
-11311.696289
775.661499
1548.807983
-0.0
5.734354
1.106408
0
-11281.851563
776.237854
1551.80542
-0.0
5.734354
1.106408
0
-11252.006836
776.814209
1554.802856
-0.0
5.734354
1.106408
0
-11222.162109
777.390564
1557.800293
-0.0
5.734354
1.106408
0
-11192.317383
777.966919
1560.797729
-0.0
5.734354
1.106408
0
-11162.472656
778.543274
1563.795166
-0.0
5.734354
1.106408
0
-11132.62793
779.119629
1566.792603
-0.0
5.734354
1.106408
0
-11102.786133
779.733459
1569.808838
-0.0
5.770321
1.178335
0
-11072.954102
780.405762
1572.90332
0.0
5.920592
1.291036
0
-11043.131836
781.12323
1576.088623
0.0
6.094892
1.378186
0
-11013.322266
781.875732
1579.379761
0.0
6.298363
1.446012
0
-10983.52832
782.659546
1582.797729
0.0
6.542017
1.506925
0
-10953.746094
783.442993
1586.320923
0.0
6.744456
1.506925
0
-10923.982422
784.244934
1589.98938
0.0
7.023913
1.54336
0
-10894.237305
785.061218
1593.806763
0.0
7.310488
1.572017
0
-10864.515625
785.898376
1597.795776
0.0
7.641137
1.613348
0
-10834.816406
786.74939
1601.944214
-0.0
7.9484
1.641283
0
-10805.144531
787.620728
1606.282593
0.0
8.31488
1.682003
0
-10775.493164
788.491455
1610.756104
0.0
8.57578
1.682004
0
-10745.864258
789.381836
1615.377686
-0.0
8.86187
1.7213
0
-10716.257813
790.288269
1620.133057
0.0
9.120577
1.75364
0
-10686.669922
791.212708
1624.999634
0.0
9.335789
1.789508
0
-10657.102539
792.136475
1629.993286
0.0
9.581826
1.789508
0
-10627.558594
793.079407
1635.117065
0.0
9.833962
1.828036
0
-10598.037109
794.021606
1640.368652
0.0
10.081802
1.828036
0
-10568.538086
794.982422
1645.743286
-0.0
10.320586
1.86553
0
-10539.05957
795.963745
1651.223755
0.0
10.52599
1.906611
0
-10509.601563
796.9599
1656.812744
0.0
10.73694
1.936747
0
-10480.166016
797.955261
1662.519531
0.0
10.966025
1.936747
0
-10450.75
798.950012
1668.324707
0.0
11.157503
1.936747
0
-10421.361328
799.989136
1674.257446
0.0
11.405951
2.024973
0
-10391.99707
801.050964
1680.308228
-0.0
11.63604
2.070991
0
-10362.652344
802.134766
1686.449585
0.0
11.81275
2.115169
0
-10333.325195
803.238037
1692.671509
0.0
11.969837
2.154441
0
-10304.021484
804.340454
1699.001343
-0.0
12.180637
2.154441
0
-10274.739258
805.461792
1705.427979
0.0
12.369773
2.192974
0
-10245.481445
806.582153
1711.964966
0.0
12.585723
2.192973
0
-10216.245117
807.701721
1718.595581
-0.0
12.768894
2.192974
0
-10187.032227
808.820374
1725.329224
0.0
12.970857
2.192974
0
-10157.84082
809.938232
1732.157227
0.0
13.155743
2.192975
0
-10128.678711
811.054932
1739.109863
0.0
13.400346
2.192975
0
-10099.543945
812.170593
1746.176758
0.0
13.62471
2.192975
0
-10070.435547
813.285278
1753.349121
0.0
13.832246
2.192975
0
-10041.349609
814.399048
1760.613037
0.0
14.012358
2.192975
0
-10012.295898
815.53241
1768.003662
0.0
14.261891
2.233952
0
-9983.269531
816.664734
1775.499023
0.0
14.468451
2.233952
0
-9954.277344
817.795715
1783.126343
0.0
14.728715
2.233952
0
-9925.314453
818.925537
1790.864868
0.0
14.94849
2.233953
0
-9896.378906
820.054321
1798.702759
0.0
15.145049
2.233953
0
-9867.474609
821.181885
1806.655273
0.0
15.371934
2.233953
0
-9838.608398
822.307922
1814.747803
0.0
15.649548
2.233953
0
-9809.766602
823.453003
1822.924194
0.0
15.815944
2.273545
0
-9780.952148
824.596985
1831.194824
0.0
16.003002
2.273545
0
-9752.172852
825.739563
1839.58667
0.0
16.243999
2.273545
0
-9723.432617
826.880554
1848.114258
0.0
16.514168
2.273545
0
-9694.716797
828.02063
1856.723633
0.0
16.677074
2.273545
0
-9666.036133
829.180542
1865.444336
0.0
16.899254
2.315901
0
-9637.386719
830.339172
1874.268433
0.0
17.105873
2.315901
0
-9608.767578
831.496582
1883.19104
0.0
17.302727
2.315901
0
-9580.191406
832.652222
1892.251465
0.0
17.578617
2.315901
0
-9551.651367
833.827148
1901.421143
0.0
17.797676
2.357368
0
-9523.142578
835.000793
1910.687012
0.0
17.990669
2.357368
0
-9494.674805
836.193115
1920.077393
0.0
18.24086
2.398399
0
-9466.246094
837.38385
1929.584473
0.0
18.475729
2.3984
0
-9437.876953
838.572083
1939.268677
0.0
18.832737
2.3984
0
-9409.557617
839.777649
1949.093994
0.0
19.117828
2.437575
0
-9381.305664
840.996277
1959.110596
0.0
19.504889
2.469831
0
-9353.117188
842.212158
1969.305664
0.0
19.866936
2.469831
0
-9324.995117
843.445496
1979.679565
0.0
20.23033
2.511124
0
-9296.955078
844.675232
1990.273071
0.0
20.678028
2.511124
0
-9268.980469
845.902039
2001.040283
0.0
21.033192
2.511124
0
-9241.084961
847.125427
2012.010254
0.0
21.448568
2.511124
0
-9213.28418
848.36615
2023.216431
-0.0
21.933956
2.555306
0
-9185.557617
849.603516
2034.606445
0.0
22.313114
2.555306
0
-9157.917969
850.837036
2046.205566
0.0
22.745356
2.555307
0
-9130.365234
852.087097
2058.008057
-0.0
23.167038
2.597718
0
-9102.898438
853.333252
2070.009766
0.0
23.581882
2.597718
0
-9075.504883
854.596252
2082.174316
0.0
23.921528
2.639798
0
-9048.15332
855.8573
2094.434082
0.0
24.120838
2.639798
0
-9020.859375
857.135803
2106.820557
0.0
24.386116
2.681966
0
-8993.629883
858.411316
2119.348389
0.0
24.682623
2.681966
0
-8966.460938
859.704224
2132.004639
0.0
24.953098
2.724545
0
-8939.344727
860.994629
2144.773682
0.0
25.190746
2.724545
0
-8912.283203
862.28241
2157.658691
0.0
25.435766
2.724545
0
-8885.277344
863.567566
2170.659668
0.0
25.681442
2.724545
0
-8858.319336
864.850464
2183.759277
0.0
25.890581
2.724546
0
-8831.404297
866.151001
2196.946777
0.0
26.077045
2.766377
0
-8804.542969
867.466858
2210.241699
0.0
26.306097
2.804555
0
-8777.743164
868.799805
2223.656982
-0.0
26.562563
2.8473
0
-8750.995117
870.130127
2237.176514
-0.0
26.785528
2.8473
0
-8724.292969
871.458191
2250.786621
0.0
26.979156
2.8473
0
-8697.65625
872.804688
2264.521973
0.0
27.248184
2.893777
0
-8671.071289
874.168213
2278.355957
0.0
27.459982
2.93614
0
-8644.541992
875.528931
2292.295898
0.0
27.688335
2.936141
0
-8618.075195
876.907043
2306.35376
0.0
27.943293
2.980739
0
-8591.641602
878.283508
2320.4729
0.0
28.075777
2.980739
0
-8565.263672
879.67804
2334.694092
0.0
28.296667
3.026214
0
-8538.926758
881.070374
2348.992676
0.0
28.464872
3.026215
0
-8512.663086
882.480164
2363.423584
0.0
28.752951
3.072662
0
-8486.452148
883.887146
2377.950195
0.0
28.961271
3.072663
0
-8460.297852
885.291077
2392.578857
0.0
29.184563
3.072663
0
-8434.192383
886.692383
2407.294189
0.0
29.374115
3.072664
0
-8408.138672
888.110535
2422.099854
0.0
29.572191
3.115724
0
-8382.119141
889.526855
2436.965088
0.0
29.703453
3.115725
0
-8356.152344
890.940308
2451.922119
0.0
29.905142
3.115726
0
-8330.238281
892.350891
2466.970703
0.0
30.107275
3.115726
0
-8304.368164
893.779663
2482.094238
0.0
30.272694
3.161165
0
-8278.549805
895.205566
2497.305664
0.0
30.467464
3.161165
0
-8252.766602
896.629517
2512.57666
0.0
30.599192
3.161166
0
-8227.033203
898.05072
2527.932129
-0.0
30.78722
3.161166
0
-8201.362305
899.468506
2543.391846
0.0
31.01918
3.161166
0
-8175.747559
900.883179
2558.94458
0.0
31.226654
3.161167
0
-8150.210938
902.293518
2574.625244
-0.0
31.513023
3.161168
0
-8124.742676
903.700073
2590.41748
0.0
31.763075
3.161169
0
-8099.330078
905.103577
2606.299561
0.0
31.965025
3.16117
0
-8073.985352
906.524353
2622.287598
0.0
32.204136
3.208481
0
-8048.70752
907.941345
2638.381592
0.0
32.443268
3.208482
0
-8023.503418
909.354187
2654.591553
0.0
32.706402
3.208483
0
-7998.36377
910.763428
2670.901123
0.0
32.93285
3.208483
0
-7973.309082
912.167908
2687.341553
0.0
33.230705
3.208484
0
-7948.334473
913.58844
2703.9021
0.0
33.505817
3.255468
0
-7923.447754
915.003967
2720.594971
-0.0
33.808998
3.255468
0
-7898.663086
916.413696
2737.438965
-0.0
34.157482
3.255468
0
-7873.964355
917.818542
2754.409424
0.0
34.449577
3.255469
0
-7849.349121
919.218689
2771.500977
0.0
34.730431
3.25547
0
-7824.824707
920.634705
2788.721436
0.0
35.030727
3.304556
0
-7800.405762
922.044617
2806.091797
0.0
35.381203
3.304556
0
-7776.064941
923.450073
2823.571777
0.0
35.638027
3.304557
0
-7751.813477
924.850342
2841.175537
0.0
35.929951
3.304558
0
-7727.649902
926.245544
2858.900391
0.0
36.215984
3.304559
0
-7703.564941
927.656616
2876.730957
0.0
36.466461
3.352981
0
-7679.564941
929.062744
2894.675781
0.0
36.738461
3.352981
0
-7655.638672
930.464539
2912.719482
0.0
36.974293
3.352982
0
-7631.803223
931.880615
2930.881348
0.000001
37.257504
3.399985
0
-7608.047852
933.291931
2949.148438
0.000001
37.510204
3.399986
0
-7584.371582
934.698547
2967.518311
0.000001
37.758224
3.399986
0
-7560.766602
936.100952
2985.97998
0.000001
37.980072
3.399987
0
-7537.237793
937.49884
3004.539063
0.000001
38.216892
3.399988
0
-7513.771973
938.893005
3023.177734
0.000001
38.410419
3.399989
0
-7490.398926
940.300415
3041.931885
0.000001
38.692379
3.445942
0
-7467.109863
941.702759
3060.790771
0.000001
38.949181
3.445943
0
-7443.915527
943.099426
3079.766357
0.000001
39.23605
3.445944
0
-7420.809082
944.490784
3098.849365
0.000001
39.501587
3.445944
0
-7397.785645
945.896484
3118.03125
0.000001
39.746609
3.493838
0
-7374.868652
947.295654
3137.340576
0.000001
40.064079
3.493839
0
-7352.077637
948.687134
3156.799316
0.000001
40.438107
3.49384
0
-7329.421387
950.070374
3176.415283
0.0
40.833969
3.493841
0
-7306.876953
951.446777
3196.160156
0.0
41.16011
3.493841
0
-7284.499023
952.813049
3216.09375
0.000001
41.640556
3.493842
0
-7262.249023
954.190125
3236.169434
0.000001
42.004372
3.541493
0
-7240.13623
955.558716
3256.396729
0.000001
42.395279
3.541493
0
-7218.147461
956.93866
3276.758301
0.000001
42.743382
3.590932
0
-7196.320313
958.308411
3297.293701
0.000001
43.197308
3.590932
0
-7174.622559
959.670044
3317.966309
0.000001
43.55785
3.590934
0
-7153.05957
961.023254
3338.780029
0.000001
43.931038
3.590935
0
-7131.602539
962.389343
3359.702148
0.000001
44.219006
3.642856
0
-7110.218262
963.750793
3380.69873
0.000001
44.418018
3.642857
0
-7088.904785
965.107727
3401.767334
0.000001
44.610973
3.642859
0
-7067.677246
966.459229
3422.922852
0.0
44.84449
3.642859
0
-7046.466797
967.809631
3444.095947
0.000001
44.891548
3.64286
0
-7025.256348
969.160034
3465.269043
0.000001
44.891548
3.64286
0
-7004.045898
970.510437
3486.442139
0.000001
44.891548
3.64286
0
-6982.835449
971.86084
3507.615234
0.000001
44.891548
3.64286
0
-6961.625
973.211243
3528.78833
0.000001
44.891548
3.64286
0
-6940.433594
974.560425
3549.980225
0.0
44.94236
3.642861
0
-6919.242188
975.909607
3571.172119
0.0
44.94236
3.642861
0
-6898.144531
977.271301
3592.456543
0.0
45.192619
3.692918
0
-6877.153809
978.626099
3613.847168
0.000001
45.481037
3.692919
0
-6856.277344
979.991577
3635.348633
0.0
45.783936
3.742221
0
-6835.529297
981.366211
3656.973389
0.000001
46.122551
3.790599
0
-6814.937012
982.751648
3678.74585
0.0
46.531376
3.849004
0
-6794.490234
984.127258
3700.655762
0.0
46.914028
3.849005
0
-6774.205566
985.510193
3722.715332
-0.0
47.33432
3.900229
0
-6754.199707
986.874146
3745.029053
0.0
48.055126
3.900231
0
-6734.337891
988.245972
3767.470459
0.000001
48.421791
3.950978
0
-6714.624512
989.623779
3790.041992
0.0
48.797459
3.99794
0
-6695.047363
991.006775
3812.731689
0.000001
49.141441
4.040942
0
-6675.634277
992.412903
3835.560547
0.0
49.549076
4.142852
0
-6656.449707
993.837158
3858.580566
0.000001
50.115028
4.245761
0
-6637.452637
995.261536
3881.755615
0.0
50.579224
4.287964
0
-6618.671387
996.704468
3905.10498
0.0
51.106216
4.393367
0
-6600.044922
998.135559
3928.578369
0.0
51.485111
4.393369
0
-6581.61084
999.568359
3952.203125
0.0
51.951851
4.44432
0
-6563.36377
1001.01532
3975.97168
-0.0
52.399422
4.533841
0
-6545.289063
1002.448608
3999.872314
0.0
52.815331
4.533843
0
-6527.454102
1003.896179
4023.95166
0.0
53.383286
4.640258
0
-6509.807617
1005.343811
4048.169434
0.000001
53.829128
4.689803
0
-6492.342285
1006.789673
4072.518311
0.0
54.255188
4.732413
0
-6475.080566
1008.218689
4097.013184
0.0
54.73521
4.732415
0
-6458.009277
1009.663147
4121.640137
0.000001
55.174561
4.836493
0
-6441.153809
1011.089355
4146.416016
0.000002
55.676662
4.836495
0
-6424.48877
1012.499451
4171.321289
0.000001
56.117374
4.836496
0
-6407.995605
1013.894958
4196.341797
0.000001
56.514145
4.836498
0
-6391.694336
1015.274292
4221.48877
0.000001
56.953178
4.8365
0
-6375.54834
1016.640442
4246.736328
0.000001
57.307983
4.836504
0
-6359.523926
1017.996338
4272.062012
0.000002
57.584541
4.836504
0
-6343.666992
1019.338074
4297.493164
0.000002
57.96349
4.836506
0
-6327.936523
1020.669067
4323.003418
0.000002
58.249313
4.836508
0
-6312.33252
1021.98938
4348.591797
0.000002
58.533596
4.83651
0
-6296.899902
1023.295166
4374.285156
0.000002
58.918877
4.836511
0
-6281.598633
1024.573975
4400.058105
0.000002
59.214581
4.777367
0
-6266.456543
1025.839478
4425.925293
0.000003
59.568985
4.77737
0
-6251.473145
1027.091675
4451.885254
0.000002
59.921074
4.777372
0
-6236.687988
1028.327393
4477.959473
0.000002
60.359554
4.777372
0
-6222.119141
1029.544922
4504.15625
0.000001
60.835632
4.777374
0
-6207.742188
1030.74646
4530.459473
0.0
61.255871
4.777376
0
-6193.540527
1031.918457
4556.858887
0.0
61.640617
4.717741
0
-6179.50293
1033.076904
4583.34668
0.000001
61.996948
4.717743
0
-6165.677734
1034.217896
4609.946777
0.000002
62.457951
4.717745
0
-6152.023926
1035.344727
4636.635742
0.000001
62.827724
4.717747
0
-6138.540527
1036.45752
4663.411621
0.000001
63.19376
4.717749
0
-6125.244629
1037.55481
4690.281738
0.000001
63.59528
4.717752
0
-6112.124512
1038.624023
4717.239258
0.000001
63.973011
4.658656
0
-6099.178711
1039.678955
4744.281738
0.000001
64.344978
4.658657
0
-6086.40332
1040.719971
4771.405762
0.000001
64.706596
4.658657
0
-6073.854492
1041.72876
4798.63623
0.000002
65.18763
4.596282
0
-6061.497559
1042.722168
4825.955078
0.000002
65.592743
4.596286
0
-6049.35498
1043.698364
4853.370605
0.000001
66.042336
4.596288
0
-6037.424316
1044.644775
4880.879883
0.000002
66.488281
4.535758
0
-6025.719238
1045.559448
4908.486816
0.000003
66.960579
4.468278
0
-6014.21875
1046.445801
4936.180664
0.000003
67.387901
4.407238
0
-6002.893555
1047.318604
4963.947266
0.000002
67.751556
4.407237
0
-5991.774414
1048.16333
4991.797852
0.000002
68.178696
4.344251
0
-5980.855469
1048.992798
5019.728027
0.000002
68.591507
4.344251
0
-5970.169434
1049.804565
5047.748535
0.000003
69.07019
4.344254
0
-5959.683105
1050.601196
5075.844727
0.000004
69.479027
4.344256
0
-5949.404785
1051.38208
5104.018066
0.000004
69.903305
4.344257
0
-5939.271973
1052.151855
5132.244629
0.000004
70.199791
4.344258
0
-5929.342773
1052.906128
5160.543945
0.000005
70.613792
4.344259
0
-5919.620605
1053.623291
5188.916016
0.000005
71.037102
4.218852
0
-5910.081055
1054.327026
5217.350098
0.000005
71.406639
4.218854
0
-5900.724121
1055.017212
5245.845215
0.000005
71.774818
4.218853
0
-5891.551758
1055.693848
5274.400391
0.000006
72.147034
4.218855
0
-5882.522461
1056.359863
5303.001465
0.000005
72.43425
4.218855
0
-5873.64209
1057.005493
5331.649902
0.000006
72.735107
4.158687
0
-5864.923828
1057.629395
5360.348145
0.000005
73.061005
4.093503
0
-5856.404785
1058.229126
5389.106934
0.000002
73.460587
4.026901
0
-5848.118652
1058.8125
5417.934082
0.000003
73.925217
4.026904
0
-5840.034668
1059.372925
5446.818848
0.000004
74.328812
3.965518
0
-5832.175293
1059.917725
5475.766113
0.000003
74.775505
3.965521
0
-5824.553711
1060.446045
5504.776855
0.000003
75.246819
3.965521
0
-5817.133301
1060.960449
5533.839844
0.000003
75.643837
3.965518
0
-5809.922363
1061.452393
5562.956055
0.000004
76.059364
3.903223
0
-5802.931641
1061.929321
5592.126465
0.000003
76.492653
3.903224
0
-5796.203613
1062.388428
5621.358398
0.000004
77.009132
3.903227
0
-5789.813477
1062.824463
5650.666504
0.000004
77.672325
3.903226
0
-5783.692383
1063.242065
5680.032227
0.000004
78.198662
3.903225
0
-5777.824707
1063.635864
5709.450195
0.000004
78.695145
3.839526
0
-5772.146484
1064.016968
5738.905273
0.000005
79.065132
3.83953
0
-5766.676758
1064.384033
5768.399902
0.000006
79.470894
3.839531
0
-5761.397461
1064.738281
5797.929688
0.000007
79.841652
3.839534
0
-5756.309082
1065.079712
5827.493164
0.000008
80.212761
3.839535
0
-5751.409668
1065.408569
5857.088379
0.000009
80.578911
3.839535
0
-5746.726563
1065.717773
5886.71875
0.000012
80.999496
3.77687
0
-5742.299805
1066.01001
5916.38916
0.000012
81.496323
3.776869
0
-5738.062988
1066.289673
5946.086914
0.000012
81.863091
3.776866
0
-5734.048828
1066.550171
5975.815918
0.000014
82.294456
3.713412
0
-5730.256836
1066.796265
6005.574219
0.000013
82.722702
3.713415
0
-5726.623047
1067.032104
6035.352539
0.000012
83.028297
3.713414
0
-5723.211426
1067.249756
6065.157227
0.000013
83.457214
3.650119
0
-5719.987793
1067.455444
6094.98291
0.000014
83.818665
3.65012
0
-5716.921387
1067.651123
6124.825195
0.000015
84.121155
3.650113
0
-5714.003906
1067.83728
6154.682617
0.000015
84.407974
3.650114
0
-5711.20752
1068.015625
6184.55127
0.000016
84.640633
3.650108
0
-5708.570801
1068.18103
6214.43457
0.000015
84.947655
3.588768
0
-5706.055664
1068.338745
6244.328613
0.000018
85.181702
3.588768
0
-5703.664551
1068.488647
6274.23291
0.000019
85.419769
3.588776
0
-5701.390625
1068.631226
6304.146484
0.00002
85.644806
3.588782
0
-5699.241211
1068.765991
6334.068848
0.000027
85.883186
3.588788
0
-5697.219727
1068.892822
6364.000488
0.000025
86.129036
3.588778
0
-5695.319336
1069.011963
6393.939941
0.000027
86.360931
3.588782
0
-5693.508301
1069.125488
6423.885254
0.000026
86.53241
3.588782
0
-5691.822266
1069.231201
6453.837891
0.000028
86.771889
3.588791
0
-5690.265137
1069.328857
6483.797363
0.000033
87.019081
3.588791
0
-5688.859375
1069.416992
6513.76416
0.000036
87.309349
3.588803
0
-5687.608887
1069.495361
6543.737793
0.000036
87.606483
3.588795
0
-5686.519043
1069.563721
6573.717773
0.000035
87.913895
3.588807
0
-5685.641602
1069.618774
6603.705078
0.000044
88.321228
3.588805
0
-5684.89209
1069.665771
6633.695801
0.000043
88.565765
3.588825
0
-5684.296875
1069.703125
6663.689941
0.000064
88.860809
3.588864
0
-5683.865723
1069.730103
6693.687012
0.000089
89.175034
3.588871
0
-5683.59375
1069.747192
6723.685547
0.000118
89.479599
3.588904
0
-5683.516602
1069.752075
6753.685547
0.00033
89.850632
3.588908
0
-5683.63623
1069.744629
6783.685059
179.999725
89.766762
-176.41127
0
-5683.968262
1069.723755
6813.683105
179.999893
89.364479
-176.411346
0
-5684.428223
1069.694458
6843.679688
179.999908
89.120171
-176.350266
0
-5685.047852
1069.654907
6873.67334
179.999924
88.81385
-176.350235
0
-5685.827148
1069.605225
6903.663086
179.999939
88.508247
-176.35022
0
-5686.737305
1069.547119
6933.649414
179.999954
88.257164
-176.350204
0
-5687.846191
1069.47644
6963.628906
179.999954
87.877434
-176.350189
0
-5689.109863
1069.394531
6993.602051
179.999954
87.580048
-176.290771
0
-5690.533691
1069.302246
7023.567871
179.999954
87.273567
-176.290726
0
-5692.113281
1069.198242
7053.525879
179.999954
86.975266
-176.231049
0
-5693.826172
1069.085449
7083.476563
179.999954
86.719849
-176.231033
0
-5695.631836
1068.966553
7113.421875
179.999954
86.54174
-176.231033
0
-5697.567383
1068.838989
7143.358887
179.999954
86.292336
-176.231033
0
-5699.62793
1068.703247
7173.287598
179.999954
86.053093
-176.231033
0
-5701.751465
1068.563354
7203.211914
179.999954
85.931953
-176.231049
0
-5703.905762
1068.421387
7233.134277
179.999954
85.87307
-176.231049
0
-5706.060059
1068.279419
7263.056641
179.999954
85.87307
-176.231049
0
-5708.214355
1068.137451
7292.979004
179.999954
85.87307
-176.231049
0
-5710.368652
1067.995483
7322.901367
179.999954
85.87307
-176.231049
0
-5712.522949
1067.853516
7352.82373
179.999954
85.87307
-176.231049
0
-5714.677246
1067.711548
7382.746094
179.999954
85.87307
-176.231049
0
-5716.831543
1067.56958
7412.668457
179.999954
85.87307
-176.231049
0
-5718.98584
1067.427612
7442.59082
179.999954
85.87307
-176.231049
0
-5721.109863
1067.28772
7472.515137
179.999954
85.930984
-176.231049
0
-5723.099609
1067.156616
7502.44873
179.999954
86.189049
-176.231049
0
-5724.92627
1067.036255
7532.392578
179.999954
86.501442
-176.231049
0
-5726.569336
1066.92981
7562.347168
179.999954
86.853767
-176.292999
0
-5727.993164
1066.839355
7592.312988
179.999954
87.273643
-176.363037
0
-5729.205566
1066.762329
7622.288574
179.999954
87.67897
-176.363007
0
-5730.210449
1066.699585
7652.271484
179.999954
88.076637
-176.424026
0
-5731.049805
1066.648071
7682.259766
179.999954
88.393669
-176.487457
0
-5731.664551
1066.610352
7712.253418
179.999954
88.823792
-176.487457
0
-5732.094238
1066.584473
7742.250488
179.999939
89.178123
-176.550674
0
-5732.365234
1066.568359
7772.249023
179.999939
89.480347
-176.611267
0
-5732.481445
1066.561523
7802.249023
179.999832
89.773567
-176.611267
0
-5732.481445
1066.561523
7832.249023
-2.612091
90.0
0.71616
0
-5732.386719
1066.567017
7862.249023
0.000101
89.81868
3.328143
0
-5732.197266
1066.578003
7892.248535
0.000034
89.636833
3.328099
0
-5731.946289
1066.592651
7922.247559
0.000038
89.519478
3.32813
0
-5731.664063
1066.609009
7952.246094
0.000023
89.459312
3.328137
0
-5731.350586
1066.626953
7982.244629
0.000051
89.399307
3.267273
0
-5730.973633
1066.648438
8012.242188
0.000034
89.278809
3.267275
0
-5730.535156
1066.672974
8042.23877
0.000029
89.161385
3.208332
0
-5729.998047
1066.703125
8072.233887
0.000018
88.972816
3.208314
0
-5729.397949
1066.736816
8102.228027
0.000021
88.851913
3.20834
0
-5728.661133
1066.778076
8132.21875
0.000013
88.590401
3.208327
0
-5727.828613
1066.824707
8162.207031
0.000012
88.40712
3.208327
0
-5726.897461
1066.876953
8192.192383
0.000007
88.218414
3.20834
0
-5725.802734
1066.937134
8222.171875
0.000012
87.905182
3.14575
0
-5724.53125
1067.006958
8252.144531
0.000013
87.567703
3.14576
0
-5723.129395
1067.083984
8282.111328
0.000011
87.317726
3.14576
0
-5721.498047
1067.173584
8312.066406
0.00001
86.87825
3.145771
0
-5719.710938
1067.271851
8342.012695
0.000007
86.579712
3.145769
0
-5717.749512
1067.377319
8371.948242
0.000003
86.246201
3.079081
0
-5715.658203
1067.489746
8401.875
0.000003
85.997276
3.079089
0
-5713.399902
1067.611206
8431.790039
0.000006
85.676674
3.079089
0
-5710.975098
1067.741699
8461.691406
0.000003
85.357033
3.079091
0
-5708.413086
1067.879517
8491.581055
0.000004
85.093788
3.079093
0
-5705.689453
1068.026001
8521.457031
0.000004
84.783638
3.079094
0
-5702.830566
1068.17981
8551.320313
0.000003
84.523705
3.079092
0
-5699.810059
1068.342285
8581.166992
0.000004
84.212791
3.079092
0
-5696.541504
1068.518066
8610.988281
0.000005
83.736015
3.079097
0
-5693.04248
1068.706299
8640.783203
0.000005
83.292488
3.079097
0
-5689.290527
1068.908081
8670.546875
0.000006
82.804794
3.079093
0
-5685.265137
1069.124634
8700.274414
0.000007
82.27784
3.079098
0
-5680.899414
1069.359497
8729.954102
0.000007
81.620438
3.079094
0
-5676.151367
1069.614868
8759.575195
0.000007
80.880051
3.079098
0
-5671.047363
1069.889404
8789.136719
0.000007
80.190063
3.079102
0
-5665.517578
1070.18689
8818.621094
0.000008
79.362656
3.079105
0
-5659.526855
1070.509155
8848.014648
0.000006
78.464523
3.079102
0
-5653.063477
1070.856812
8877.307617
0.000007
77.540016
3.079103
0
-5646.171387
1071.227539
8906.50293
0.000007
76.699203
3.079107
0
-5638.81543
1071.623291
8935.583984
0.000008
75.785103
3.079108
0
-5630.98877
1072.053345
8964.541992
0.000007
74.854233
3.145295
0
-5622.714844
1072.508057
8993.375
0.000008
73.965385
3.145295
0
-5614.054199
1072.984009
9022.09375
0.000006
73.194939
3.145294
0
-5605.038086
1073.479492
9050.702148
0.000006
72.483047
3.145294
0
-5595.648926
1073.995483
9079.19043
0.000006
71.733231
3.145294
0
-5585.93457
1074.540039
9107.568359
0.000006
71.075363
3.208066
0
-5575.911621
1075.101807
9135.838867
0.000006
70.450867
3.208067
0
-5565.604492
1075.679565
9164.006836
0.000005
69.872879
3.208067
0
-5555.068848
1076.294678
9192.088867
0.000005
69.403084
3.341051
0
-5544.316895
1076.922363
9220.088867
0.000004
68.961128
3.341051
0
-5533.348145
1077.562744
9248.004883
0.000004
68.515762
3.34105
0
-5522.19043
1078.214111
9275.845703
0.000003
68.126877
3.341048
0
-5510.871094
1078.874878
9303.620117
0.000003
67.793312
3.34105
0
-5499.391113
1079.545044
9331.329102
0.000003
67.461037
3.34105
0
-5487.781738
1080.222778
9358.983398
0.000003
67.191917
3.341052
0
-5476.074219
1080.90625
9386.59668
0.000003
66.988937
3.341052
0
-5464.270996
1081.595337
9414.168945
0.000004
66.789482
3.341052
0
-5452.310059
1082.293579
9441.672852
0.000003
66.460518
3.341052
0
-5440.253418
1082.997437
9469.134766
0.000003
66.26104
3.341053
0
-5428.102051
1083.706787
9496.554688
0.000003
66.063087
3.341052
0
-5415.888184
1084.4198
9523.946289
0.000002
65.931618
3.341053
0
-5403.642578
1085.134644
9551.324219
0.000003
65.865868
3.341053
0
-5391.365723
1085.851318
9578.6875
0.000003
65.799683
3.341054
0
-5379.026367
1086.571655
9606.022461
0.000002
65.668839
3.341052
0
-5366.654297
1087.293945
9633.342773
0.000003
65.60025
3.341053
0
-5354.250977
1088.018066
9660.649414
0.000003
65.534752
3.341052
0
-5341.785645
1088.745728
9687.927734
0.000003
65.404343
3.341051
0
-5329.220215
1089.479248
9715.15918
0.000003
65.193611
3.341052
0
-5316.520508
1090.220581
9742.328125
0.000003
64.910088
3.341052
0
-5303.660645
1090.971313
9769.421875
0.000004
64.570892
3.341052
0
-5290.603516
1091.733521
9796.420898
0.000004
64.152435
3.341052
0
-5277.316406
1092.509155
9823.306641
0.000004
63.662613
3.341053
0
-5263.787109
1093.29895
9850.071289
0.000003
63.143879
3.341052
0
-5249.975586
1094.088989
9876.691406
0.000003
62.539474
3.2739
0
-5235.801758
1094.880371
9903.120117
0.000003
61.757469
3.195701
0
-5221.265625
1095.692017
9929.350586
0.000003
60.968403
3.195701
0
-5206.425781
1096.501953
9955.411133
0.000002
60.30442
3.124151
0
-5191.272461
1097.312378
9981.290039
0.000002
59.612953
3.061295
0
-5175.759766
1098.123901
10006.955078
0.000002
58.815235
2.99482
0
-5159.91748
1098.935669
10032.417969
0.000002
58.077915
2.93338
0
-5143.728027
1099.746704
10057.662109
0.000003
57.294178
2.86807
0
-5127.18457
1100.558838
10082.674805
0.000002
56.487637
2.810462
0
-5110.311035
1101.387207
10107.46582
0.000002
55.727425
2.810463
0
-5093.143555
1102.22998
10132.053711
0.000003
55.044128
2.810463
0
-5075.650879
1103.088745
10156.411133
0.000002
54.281841
2.810464
0
-5057.776855
1103.966187
10180.489258
0.000002
53.379597
2.810463
0
-5039.498047
1104.863525
10204.260742
0.000002
52.408779
2.810464
0
-5020.833984
1105.779785
10227.730469
0.000002
51.472366
2.810465
0
-5001.73877
1106.717163
10250.849609
0.000002
50.41119
2.810466
0
-4982.211914
1107.650879
10273.605469
0.000002
49.334713
2.737498
0
-4962.241211
1108.605713
10295.97168
0.000002
48.206673
2.737498
0
-4941.848633
1109.580811
10317.953125
0.000002
47.115555
2.737497
0
-4921.032715
1110.549927
10339.53418
0.000002
46.002918
2.665403
0
-4899.776855
1111.539429
10360.681641
0.000002
44.822262
2.665404
0
-4878.102051
1112.548462
10381.398438
0.000002
43.673752
2.665404
0
-4856.02002
1113.576416
10401.679688
0.000002
42.535267
2.665405
0
-4833.508301
1114.62439
10421.481445
0.000002
41.304653
2.665405
0
-4810.593262
1115.691162
10440.814453
0.000002
40.123535
2.665405
0
-4787.270996
1116.776855
10459.65332
0.000002
38.898926
2.665405
0
-4763.592773
1117.87915
10478.041016
0.000002
37.802017
2.665405
0
-4739.568359
1118.997559
10495.973633
0.000002
36.708832
2.665406
0
-4715.183105
1120.132813
10513.411133
0.000002
35.538799
2.665406
0
-4690.481934
1121.31311
10530.395508
0.000002
34.481995
2.735669
0
-4665.439453
1122.567139
10546.867188
0.000002
33.30175
2.866806
0
-4640.105469
1123.862793
10562.882813
0.000002
32.266617
2.927696
0
-4614.471191
1125.202759
10578.410156
0.000002
31.16958
2.992228
0
-4588.543457
1126.589478
10593.4375
0.000002
30.060808
3.061528
0
-4562.365723
1128.017456
10608.021484
0.000002
29.086393
3.122429
0
-4535.912598
1129.494751
10622.094727
0.000002
27.975525
3.196488
0
-4509.195313
1131.017212
10635.655273
0.000002
26.872448
3.261376
0
-4482.250488
1132.552612
10648.755859
0.000002
25.892502
3.261377
0
-4455.070801
1134.10144
10661.359375
0.000002
24.842852
3.261377
0
-4427.650391
1135.66394
10673.429688
0.000002
23.723875
3.261378
0
-4399.987793
1137.240234
10684.930664
0.000002
22.543291
3.261378
0
-4372.10498
1138.829102
10695.886719
0.000002
21.420155
3.261379
0
-4343.981445
1140.431641
10706.207031
0.000002
20.120583
3.261378
0
-4315.642578
1142.046509
10715.917969
0.000002
18.886627
3.261378
0
-4287.092773
1143.635986
10724.994141
0.000002
17.611074
3.186643
0
-4258.36377
1145.235474
10733.484375
0.000002
16.439377
3.186644
0
-4229.454102
1146.844971
10741.335938
0.000002
15.171865
3.186645
0
-4200.391602
1148.427002
10748.607422
0.000002
14.027384
3.115853
0
-4171.186523
1149.943726
10755.296875
0.000002
12.884318
2.972971
0
-4141.855957
1151.435425
10761.418945
0.000002
11.775177
2.911353
0
-4112.355957
1152.935669
10766.662109
0.000002
10.065854
2.911354
0
-4082.761963
1154.440674
10771.344727
0.000002
8.980578
2.911354
0
-4053.087646
1155.988525
10775.472656
0.000001
7.908238
2.985946
0
-4023.334961
1157.540527
10778.988281
0.000001
6.730728
2.985946
0
-3993.519287
1159.095825
10781.921875
0.000001
5.611177
2.985946
0
-3963.655029
1160.653564
10784.310547
0.000001
4.566118
2.985947
0
-3933.754883
1162.213257
10786.193359
0.000001
3.598581
2.985948
0
-3903.82373
1163.774536
10787.492188
0.000001
2.482118
2.985948
0
-3873.873291
1165.336792
10788.224609
0.000001
1.39844
2.985949
0
-3843.912842
1166.860596
10788.445313
0.000001
0.421839
2.911495
0
-3813.952637
1168.384399
10788.197266
0.000001
-0.473913
2.911495
0
-3784.000244
1169.907715
10787.467773
0.000001
-1.393058
2.911495
0
-3754.0625
1171.430298
10786.280273
0.000001
-2.267698
2.911495
0
-3724.146729
1172.951782
10784.628906
0.000001
-3.15552
2.911495
0
-3694.256104
1174.472046
10782.570313
0.000001
-3.934879
2.911495
0
-3664.391602
1175.990967
10780.161133
0.000001
-4.605897
2.911495
0
-3634.561035
1177.508179
10777.363281
0.000001
-5.351958
2.911496
0
-3604.763428
1179.023682
10774.231445
0.000001
-5.991571
2.911496
0
-3575.004639
1180.537231
10770.749023
0.000001
-6.665281
2.911496
0
-3545.290039
1182.048462
10766.90625
0.000001
-7.358763
2.911496
0
-3515.617432
1183.557617
10762.751953
0.000001
-7.959902
2.911497
0
-3485.990967
1185.064453
10758.280273
0.000001
-8.572816
2.911497
0
-3456.43335
1186.60791
10753.384766
0.000001
-9.390806
2.989191
0
-3426.937012
1188.148193
10748.131836
0.000001
-10.083586
2.989191
0
-3397.508545
1189.684937
10742.509766
0.000001
-10.800967
2.989191
0
-3368.158691
1191.256348
10736.500977
0.000001
-11.554924
3.064625
0
-3338.901123
1192.822754
10730.056641
0.000001
-12.405275
3.064625
0
-3309.734863
1194.384277
10723.208984
0.000001
-13.195221
3.064626
0
-3280.686279
1195.939453
10715.876953
0.000001
-14.146359
3.064626
0
-3251.756348
1197.488281
10708.087891
0.000001
-15.04748
3.064627
0
-3222.922363
1199.031982
10699.951172
0.000001
-15.737793
3.064628
0
-3194.216553
1200.568848
10691.371094
0.000001
-16.618921
3.064628
0
-3165.641357
1202.060669
10682.358398
0.000001
-17.483671
2.988465
0
-3137.204346
1203.511963
10672.912109
0.000001
-18.353333
2.921567
0
-3108.938232
1204.954468
10662.964844
0.000001
-19.364862
2.921568
0
-3080.853516
1206.387817
10652.515625
0.000002
-20.384548
2.921569
0
-3052.943359
1207.849731
10641.612305
0.000002
-21.312191
2.998481
0
-3025.22583
1209.301636
10630.226563
0.000002
-22.303463
2.998481
0
-2997.686279
1210.744141
10618.416016
0.000002
-23.184597
2.998482
0
-2970.319092
1212.177612
10606.209961
0.000002
-24.008331
2.998482
0
-2943.135742
1213.564819
10593.594727
0.000002
-24.866579
2.921485
0
-2916.104004
1214.911865
10580.65332
0.000002
-25.554441
2.8527
0
-2889.243408
1216.250366
10567.359375
0.000002
-26.303099
2.8527
0
-2862.546143
1217.580688
10553.740234
0.000001
-26.999142
2.852701
0
-2836.02124
1218.902466
10539.787109
0.000001
-27.716032
2.852701
0
-2809.648682
1220.216675
10525.547852
0.000001
-28.336487
2.852702
0
-2783.433105
1221.522949
10511.020508
0.000001
-28.962187
2.852703
0
-2757.355957
1222.822388
10496.245117
0.000001
-29.504879
2.852703
0
-2731.417969
1224.114868
10481.226563
0.000001
-30.040344
2.852703
0
-2705.59668
1225.401489
10466.007813
0.000001
-30.483618
2.852703
0
-2679.921143
1226.680908
10450.543945
0.000001
-31.028318
2.852703
0
-2654.395264
1227.952881
10434.833984
0.000002
-31.578796
2.852703
0
-2629.034424
1229.216675
10418.858398
0.000002
-32.176731
2.852704
0
-2603.827393
1230.472778
10402.640625
0.000002
-32.724789
2.852704
0
-2578.8125
1231.719238
10386.126953
0.000002
-33.397884
2.852705
0
-2554.050537
1232.914307
10369.232422
0.000002
-34.273121
2.762974
0
-2529.511963
1234.127686
10352.016602
0.000002
-35.019955
2.830869
0
-2505.204102
1235.400513
10334.480469
0.000002
-35.770004
2.99755
0
-2481.131348
1236.696533
10316.625
0.000002
-36.526215
3.081573
0
-2457.227295
1237.983398
10298.543945
0.000002
-37.064541
3.081573
0
-2433.495117
1239.292847
10280.239258
0.000002
-37.600986
3.158211
0
-2409.943359
1240.657349
10261.707031
0.000002
-38.152092
3.315678
0
-2386.54126
1242.044189
10242.987305
0.000002
-38.607533
3.391592
0
-2363.294189
1243.453613
10224.077148
0.000002
-39.074368
3.469398
0
-2340.202393
1244.884888
10204.979492
0.000002
-39.537682
3.54662
0
-2317.239258
1246.308105
10185.726563
0.000003
-39.92321
3.546621
0
-2294.463135
1247.750977
10166.253906
0.000002
-40.471855
3.625002
0
-2271.85498
1249.215454
10146.588867
0.000003
-40.958858
3.706171
0
-2249.35498
1250.703369
10126.801758
0.000003
-41.267292
3.783283
0
-2226.992432
1252.182129
10106.858398
0.000003
-41.664879
3.783284
0
-2204.803467
1253.649414
10086.72168
0.000003
-42.162197
3.783285
0
-2182.813965
1255.103516
10066.366211
0.000003
-42.727566
3.783286
0
-2160.966309
1256.578369
10045.860352
0.000003
-43.120968
3.861969
0
-2139.281494
1258.042236
10025.181641
0.000003
-43.57476
3.861969
0
-2117.769531
1259.494385
10004.322266
0.000003
-44.053211
3.86197
0
-2096.52124
1260.928833
9983.192383
0.000003
-44.774437
3.861971
0
-2075.57959
1262.342529
9961.757813
0.000003
-45.601772
3.861971
0
-2054.845947
1263.770752
9940.123047
0.000003
-46.151146
3.940458
0
-2034.392578
1265.179688
9918.22168
0.000003
-46.890526
3.940458
0
-2014.222046
1266.569092
9896.058594
0.000003
-47.627712
3.940459
0
-1994.341919
1267.90918
9873.630859
0.000003
-48.380825
3.85632
0
-1974.779663
1269.199951
9850.922852
0.000003
-49.194473
3.774953
0
-1955.535034
1270.442627
9827.942383
0.000003
-49.997395
3.69466
0
-1936.617676
1271.634033
9804.689453
0.000003
-50.814816
3.603838
0
-1918.019043
1272.776978
9781.177734
0.000003
-51.601673
3.516408
0
-1899.661133
1273.905029
9757.477539
0.000003
-52.187057
3.516409
0
-1881.500854
1274.995483
9733.623047
0.000003
-52.66811
3.436234
0
-1863.518188
1276.048218
9709.632813
0.000003
-53.0979
3.350278
0
-1845.783203
1277.033447
9685.456055
0.000003
-53.695366
3.179566
0
-1828.299072
1277.952271
9661.094727
0.000004
-54.295341
3.008145
0
-1811.014038
1278.836914
9636.59082
0.000004
-54.765743
2.929742
0
-1793.949829
1279.684448
9611.931641
0.000004
-55.284054
2.843359
0
-1777.206055
1280.461304
9587.050781
0.000004
-56.032372
2.656273
0
-1760.678955
1281.203979
9562.024414
0.000004
-56.53273
2.572877
0
-1744.499512
1281.855469
9536.769531
0.000003
-57.333187
2.306046
0
-1728.58667
1282.447998
9511.344727
0.000003
-57.940784
2.132442
0
-1712.901123
1283.008667
9485.77832
0.000003
-58.453861
2.046928
0
-1697.430176
1283.539917
9460.081055
0.000004
-58.935478
1.966654
0
-1682.230713
1284.06189
9434.22168
0.000004
-59.539356
1.966654
0
-1667.22644
1284.531494
9408.248047
0.000004
-59.97448
1.792608
0
-1652.411011
1284.973633
9382.165039
0.000005
-60.391743
1.709156
0
-1637.779297
1285.389526
9355.978516
0.000004
-60.796112
1.628286
0
-1623.301147
1285.779785
9329.706055
0.000005
-61.132797
1.544099
0
-1609.059814
1286.120728
9303.303711
0.000005
-61.650555
1.371504
0
-1594.893433
1286.439697
9276.861328
0.000005
-61.814098
1.289701
0
-1580.803467
1286.73645
9250.37793
0.000005
-61.980766
1.206365
0
-1566.797119
1287.009155
9223.849609
0.000005
-62.162441
1.115533
0
-1552.914063
1287.257935
9197.256836
0.000005
-62.429222
1.026616
0
-1539.067383
1287.506104
9170.644531
0.000005
-62.50769
1.026617
0
-1525.299561
1287.7323
9143.991211
0.000005
-62.678074
0.941424
0
-1511.652588
1287.935913
9117.275391
0.000005
-62.938347
0.854657
0
-1498.115356
1288.119263
9090.503906
0.000005
-63.174091
0.776081
0
-1484.698364
1288.280884
9063.671875
0.000005
-63.431606
0.690244
0
-1471.401611
1288.44104
9036.780273
0.000005
-63.687992
0.690245
0
-1458.187988
1288.579712
9009.847656
0.000006
-63.865604
0.601432
0
-1445.050415
1288.717651
8982.87793
0.000006
-64.027184
0.601432
0
-1431.953369
1288.855103
8955.887695
0.000006
-64.113235
0.601431
0
-1418.89624
1288.992188
8928.878906
0.000006
-64.198112
0.601431
0
-1405.839111
1289.129272
8901.870117
0.000006
-64.198112
0.601431
0
-1392.781982
1289.266357
8874.861328
0.000006
-64.198112
0.601431
0
-1379.724854
1289.403442
8847.852539
0.000006
-64.198112
0.601431
0
-1366.667725
1289.540527
8820.84375
0.000006
-64.198112
0.601431
0
-1353.610596
1289.677612
8793.834961
0.000006
-64.198112
0.601431
0
-1340.553101
1289.777222
8766.826172
0.000006
-64.19812
0.437054
0
-1327.495605
1289.876831
8739.817383
0.000006
-64.19812
0.437054
0
-1314.478271
1289.976074
8712.789063
0.000006
-64.283165
0.437054
0
-1301.460938
1290.075317
8685.760742
0.000006
-64.283165
0.437054
0
-1288.443604
1290.174561
8658.732422
0.000006
-64.283165
0.437054
0
-1275.42627
1290.273804
8631.704102
0.000006
-64.283165
0.437054
0
-1262.408936
1290.373047
8604.675781
0.000006
-64.283165
0.437054
0
-1249.391602
1290.47229
8577.647461
0.000006
-64.283165
0.437054
0
-1236.374268
1290.571533
8550.619141
0.000006
-64.283165
0.437054
0
-1223.356934
1290.670776
8523.59082
0.000006
-64.283165
0.437054
0
-1210.3396
1290.77002
8496.5625
0.000006
-64.283165
0.437054
0
-1197.322266
1290.869263
8469.53418
0.000006
-64.283165
0.437054
0
-1184.304932
1290.968506
8442.505859
0.000006
-64.283165
0.437054
0
-1171.287598
1291.067749
8415.477539
0.000006
-64.283165
0.437054
0
-1158.270264
1291.166992
8388.449219
0.000006
-64.283165
0.437054
0
-1145.25293
1291.266235
8361.420898
0.000006
-64.283165
0.437054
0
-1132.235596
1291.365479
8334.392578
0.000006
-64.283165
0.437054
0
-1119.218262
1291.464722
8307.364258
0.000006
-64.283165
0.437054
0
-1106.200928
1291.563965
8280.335938
0.000006
-64.283165
0.437054
0
-1093.183594
1291.663208
8253.307617
0.000006
-64.283165
0.437054
0
-1080.209595
1291.762207
8226.258789
0.000006
-64.374863
0.437054
0
-1067.235352
1291.842651
8199.209961
0.000006
-64.37484
0.354991
0
-1054.302856
1291.922729
8172.140625
0.000006
-64.463181
0.35499
0
-1041.453857
1292.002319
8145.031738
0.000006
-64.639633
0.35499
0
-1028.692139
1292.081421
8117.881348
0.000006
-64.823997
0.35499
0
-1015.930237
1292.141724
8090.730957
0.000006
-64.823959
0.270688
0
-1003.168335
1292.202026
8063.580566
0.000006
-64.823959
0.270688
0
-990.406433
1292.262329
8036.430176
0.000006
-64.823959
0.270688
0
-977.644531
1292.322632
8009.279785
0.000006
-64.823959
0.270688
0
-964.882629
1292.382935
7982.129395
0.000006
-64.823959
0.270688
0
-952.120728
1292.443237
7954.979004
0.000006
-64.823959
0.270688
0
-939.358826
1292.50354
7927.828613
0.000006
-64.823959
0.270688
0
-926.596924
1292.563843
7900.678223
0.000006
-64.823959
0.270688
0
-913.835022
1292.624146
7873.527832
0.000006
-64.823959
0.270688
0
-901.07312
1292.684448
7846.377441
0.000006
-64.823959
0.270688
0
-888.311218
1292.744751
7819.227051
0.000006
-64.823959
0.270688
0
-875.549316
1292.805054
7792.07666
0.000006
-64.823959
0.270688
0
-862.787415
1292.865356
7764.92627
0.000006
-64.823959
0.270688
0
-850.025513
1292.925659
7737.775879
0.000006
-64.823959
0.270688
0
-837.263611
1292.985962
7710.625488
0.000006
-64.823959
0.270688
0
-824.501709
1293.046265
7683.475098
0.000006
-64.823959
0.270688
0
-811.739807
1293.106567
7656.324707
0.000006
-64.823959
0.270688
0
-798.977905
1293.16687
7629.174316
0.000006
-64.823959
0.270688
0
-786.216003
1293.227173
7602.023926
0.000006
-64.823959
0.270688
0
-773.454102
1293.287476
7574.873535
0.000006
-64.823959
0.270688
0
-760.6922
1293.347778
7547.723145
0.000006
-64.823959
0.270688
0
-747.930298
1293.408081
7520.572754
0.000006
-64.823959
0.270688
0
-735.168396
1293.468384
7493.422363
0.000006
-64.823959
0.270688
0
-722.406494
1293.528687
7466.271973
0.000006
-64.823959
0.270688
0
-709.644592
1293.588989
7439.121582
0.000006
-64.823959
0.270688
0
-696.88269
1293.649292
7411.971191
0.000006
-64.823959
0.270688
0
-684.120789
1293.709595
7384.820801
0.000006
-64.823959
0.270688
0
-671.358887
1293.769897
7357.67041
0.000006
-64.823959
0.270688
0
-658.596985
1293.8302
7330.52002
0.000006
-64.823959
0.270688
0
-645.835083
1293.890503
7303.369629
0.000006
-64.823959
0.270688
0
-633.073181
1293.950806
7276.219238
0.000006
-64.823959
0.270688
0
-620.311279
1294.011108
7249.068848
0.000006
-64.823959
0.270688
0
-607.549377
1294.071411
7221.918457
0.000006
-64.823959
0.270688
0
-594.787476
1294.131714
7194.768066
0.000006
-64.823959
0.270688
0
-582.025574
1294.192017
7167.617676
0.000006
-64.823959
0.270688
0
-569.263672
1294.252319
7140.467285
0.000006
-64.823959
0.270688
0
-556.50177
1294.312622
7113.316895
0.000006
-64.823959
0.270688
0
-543.739868
1294.372925
7086.166504
0.000006
-64.823959
0.270688
0
-530.977966
1294.433228
7059.016113
0.000006
-64.823959
0.270688
0
-518.216064
1294.49353
7031.865723
0.000006
-64.823959
0.270688
0
-505.454193
1294.553833
7004.715332
0.000006
-64.823959
0.270688
0
-492.692322
1294.614136
6977.564941
0.000006
-64.823959
0.270688
0
-479.93045
1294.674438
6950.414551
0.000006
-64.823959
0.270688
0
-467.168579
1294.734741
6923.26416
0.000006
-64.823959
0.270688
0
-454.406708
1294.795044
6896.11377
0.000006
-64.823959
0.270688
0
-441.644836
1294.855347
6868.963379
0.000006
-64.823959
0.270688
0
-428.882965
1294.915649
6841.812988
0.000006
-64.823959
0.270688
0
-416.121094
1294.975952
6814.662598
0.000006
-64.823959
0.270688
0
-403.359222
1295.036255
6787.512207
0.000006
-64.823959
0.270688
0
-390.557434
1295.09668
6760.380859
0.000006
-64.739738
0.270688
0
-377.71579
1295.157349
6733.268555
0.000006
-64.65554
0.270688
0
-364.799164
1295.218384
6706.191895
0.000006
-64.496925
0.270688
0
-351.797791
1295.279785
6679.155762
0.000006
-64.317459
0.270688
0
-338.757477
1295.322632
6652.138184
0.000006
-64.235077
0.18829
0
-325.6409
1295.365723
6625.157715
0.000006
-64.073265
0.18829
0
-312.444641
1295.409058
6598.21582
0.000006
-63.903896
0.18829
0
-299.121399
1295.431885
6571.336426
0.000006
-63.633667
0.09823
0
-285.632385
1295.434204
6544.540039
0.000006
-63.279842
0.009778
0
-272.020782
1295.436523
6517.805664
0.000006
-63.017391
0.009778
0
-258.291412
1295.438843
6491.131836
0.000006
-62.764683
0.009778
0
-244.419724
1295.416504
6464.531738
0.000006
-62.458553
-0.092255
0
-230.458344
1295.394043
6437.978516
0.000006
-62.265202
-0.092255
0
-216.416595
1295.37146
6411.467773
0.000005
-62.091656
-0.092255
0
-202.333176
1295.348755
6384.979004
0.000005
-62.00153
-0.092255
0
-188.249756
1295.32605
6358.490234
0.000005
-62.00153
-0.092255
0
-174.166336
1295.303345
6332.001465
0.000005
-62.00153
-0.092255
0
-160.082977
1295.260254
6305.512695
0.000005
-62.001556
-0.175385
0
-145.999619
1295.217163
6279.023926
0.000005
-62.001556
-0.175385
0
-131.91626
1295.174072
6252.535156
0.000005
-62.001556
-0.175385
0
-117.832901
1295.130981
6226.046387
0.000005
-62.001556
-0.175385
0
-103.749542
1295.087891
6199.557617
0.000005
-62.001556
-0.175385
0
-89.666183
1295.0448
6173.068848
0.000005
-62.001556
-0.175385
0
-75.582825
1295.001709
6146.580078
0.000005
-62.001556
-0.175385
0
-61.499462
1294.958618
6120.091309
0.000005
-62.001556
-0.175385
0
-47.4161
1294.915527
6093.602539
0.000005
-62.001556
-0.175385
0
-33.332737
1294.872437
6067.11377
0.000005
-62.001556
-0.175385
0
-19.249374
1294.829346
6040.625
0.000005
-62.001556
-0.175385
0
-5.166012
1294.786255
6014.13623
0.000005
-62.001556
-0.175385
0
8.917351
1294.743164
5987.647461
0.000005
-62.001556
-0.175385
0
23.000713
1294.700073
5961.158691
0.000005
-62.001556
-0.175385
0
37.084076
1294.656982
5934.669922
0.000005
-62.001556
-0.175385
0
51.167439
1294.613892
5908.181152
0.000005
-62.001556
-0.175385
0
65.250801
1294.570801
5881.692383
0.000005
-62.001556
-0.175385
0
79.334167
1294.52771
5855.203613
0.000005
-62.001556
-0.175385
0
93.417526
1294.484619
5828.714844
0.000005
-62.001556
-0.175385
0
107.500885
1294.441528
5802.226074
0.000005
-62.001556
-0.175385
0
121.584244
1294.398438
5775.737305
0.000005
-62.001556
-0.175385
0
135.667603
1294.355347
5749.248535
0.000005
-62.001556
-0.175385
0
149.750961
1294.312256
5722.759766
0.000005
-62.001556
-0.175385
0
163.874557
1294.269043
5696.29248
0.000005
-61.914486
-0.175384
0
178.039261
1294.225708
5669.847168
0.000005
-61.82547
-0.175385
0
192.337463
1294.157837
5643.473633
0.000005
-61.535645
-0.272003
0
206.716125
1294.067627
5617.144043
0.000005
-61.360401
-0.359619
0
221.172958
1293.976929
5590.857422
0.000005
-61.190186
-0.359619
0
235.710236
1293.863403
5564.615234
0.000005
-61.014336
-0.44754
0
250.378662
1293.724365
5538.446289
0.000005
-60.727135
-0.543274
0
265.12973
1293.561157
5512.32373
0.000005
-60.54549
-0.634094
0
280.001648
1293.373535
5486.27002
0.000005
-60.279461
-0.722778
0
294.955078
1293.184937
5460.263184
0.000005
-60.100033
-0.722778
0
309.994843
1292.970093
5434.306152
0.000005
-59.908844
-0.818359
0
325.116455
1292.75415
5408.396973
0.000005
-59.72802
-0.818359
0
340.237732
1292.515869
5382.487793
0.000005
-59.72802
-0.902954
0
355.398682
1292.276978
5356.601563
0.000005
-59.640217
-0.902954
0
370.559631
1292.038086
5330.715332
0.000005
-59.640217
-0.902954
0
385.760925
1291.774536
5304.853027
0.000005
-59.550037
-0.993103
0
401.080292
1291.485596
5279.061035
0.000005
-59.287106
-1.080749
0
416.478882
1291.171265
5253.316406
0.000005
-59.109875
-1.169342
0
431.921783
1290.829102
5227.598633
0.000005
-59.009907
-1.269318
0
447.407898
1290.485962
5201.906738
0.000005
-58.913563
-1.269318
0
462.933136
1290.141968
5176.23877
0.000005
-58.826225
-1.269318
0
478.498474
1289.772339
5150.595215
0.000005
-58.735409
-1.360138
0
494.10376
1289.401855
5124.976074
0.000005
-58.646065
-1.360138
0
509.709045
1289.031372
5099.356934
0.000005
-58.646065
-1.360138
0
525.314331
1288.660889
5073.737793
0.000005
-58.646065
-1.360138
0
540.960876
1288.289429
5048.144043
0.000005
-58.553761
-1.360138
0
556.692261
1287.915894
5022.602051
0.000005
-58.363609
-1.360138
0
572.556396
1287.511597
4997.143066
0.000004
-58.063744
-1.460083
0
588.59198
1287.075684
4971.791992
0.000004
-57.675262
-1.55722
0
604.835571
1286.6073
4946.574219
0.000004
-57.20208
-1.651856
0
621.33313
1286.131592
4921.521973
0.000004
-56.622826
-1.651856
0
638.004639
1285.621582
4896.585938
0.000004
-56.221909
-1.752075
0
654.757019
1285.109131
4871.704102
0.000004
-56.035828
-1.752075
0
671.593506
1284.565308
4846.879883
0.000004
-55.839794
-1.850067
0
688.513306
1284.018799
4822.112305
0.000004
-55.647114
-1.850067
0
705.477173
1283.470825
4797.375
0.000004
-55.545067
-1.850067
0
722.528381
1282.920044
4772.698242
0.000004
-55.342464
-1.850067
0
739.619873
1282.36792
4748.049316
0.000004
-55.248772
-1.850067
0
756.793396
1281.813232
4723.45752
0.000004
-55.05785
-1.850067
0
774.046387
1281.227661
4698.921875
0.000005
-54.870117
-1.94394
0
791.341064
1280.640625
4674.415527
0.000004
-54.772785
-1.943939
0
808.717224
1280.050903
4649.967285
0.000004
-54.581932
-1.943939
0
826.218262
1279.456909
4625.608398
0.000004
-54.288483
-1.943939
0
843.841125
1278.858765
4601.337402
0.000004
-54.001251
-1.94394
0
861.667969
1278.283691
4577.215332
0.000004
-53.520386
-1.847778
0
879.686462
1277.731079
4553.235352
0.000004
-53.065666
-1.756836
0
897.830505
1277.206055
4529.349609
0.000004
-52.767265
-1.657379
0
916.052856
1276.678833
4505.523926
0.000004
-52.579117
-1.657379
0
934.357422
1276.14917
4481.76123
0.000004
-52.380943
-1.657379
0
952.740967
1275.647583
4458.059082
0.000004
-52.192245
-1.563049
0
971.208069
1275.143677
4434.421875
0.000004
-51.989918
-1.56305
0
989.751831
1274.637695
4410.844727
0.000004
-51.803822
-1.563049
0
1008.378357
1274.161865
4387.33252
0.000004
-51.60445
-1.463379
0
1027.0448
1273.685059
4363.852051
0.000004
-51.507011
-1.463379
0
1045.711304
1273.208252
4340.371582
0.000004
-51.507011
-1.463379
0
1064.416626
1272.730347
4316.921875
0.000004
-51.412251
-1.463379
0
1083.163208
1272.251465
4293.505371
0.000004
-51.311245
-1.463379
0
1101.952637
1271.771484
4270.123047
0.000004
-51.206352
-1.463379
0
1120.822144
1271.289429
4246.805664
0.000004
-51.009579
-1.463379
0
1139.810547
1270.804321
4223.584961
0.000004
-50.716881
-1.463379
0
1158.993042
1270.314331
4200.524414
0.000004
-50.236084
-1.463379
0
1178.380249
1269.819092
4177.635742
0.000004
-49.725399
-1.463379
0
1198.117798
1269.314819
4155.048828
0.000004
-48.842308
-1.463379
0
1218.233398
1268.800903
4132.797852
0.000004
-47.87579
-1.463379
0
1238.666626
1268.314453
4110.837891
0.000004
-47.054684
-1.363617
0
1259.50415
1267.850708
4089.260498
0.000004
-45.992237
-1.275085
0
1280.699951
1267.449707
4068.033691
0.000004
-45.036762
-1.083984
0
1302.379272
1267.072754
4047.300537
0.000004
-43.717739
-0.996063
0
1324.409912
1266.689697
4026.941162
0.000004
-42.737999
-0.996063
0
1346.787109
1266.341309
4006.962646
0.000004
-41.755306
-0.89209
0
1369.525513
1266.024902
3987.395752
0.000004
-40.710136
-0.797089
0
1392.637695
1265.743896
3968.27124
0.000003
-39.604366
-0.696564
0
1416.0802
1265.49292
3949.552734
0.000003
-38.605465
-0.613312
0
1439.836548
1265.275146
3931.233643
0.000003
-37.635517
-0.525146
0
1463.908813
1265.096436
3913.331299
0.000003
-36.63723
-0.425323
0
1488.322388
1264.96228
3895.896973
0.000003
-35.531219
-0.314728
0
1513.070313
1264.879761
3878.940186
0.000003
-34.417934
-0.19104
0
1537.964478
1264.796753
3862.198975
0.000003
-33.920628
-0.19104
0
1563.010742
1264.759033
3845.686035
0.000003
-33.39687
-0.086304
0
1588.172974
1264.721191
3829.350098
0.000003
-32.992371
-0.086304
0
1613.511841
1264.682983
3813.289551
0.000003
-32.367512
-0.086304
0
1639.014404
1264.644531
3797.490234
0.000003
-31.778772
-0.086304
0
1664.686157
1264.605835
3781.967285
0.000003
-31.159964
-0.086304
0
1690.514038
1264.566895
3766.705566
0.000003
-30.578913
-0.086304
0
1716.510132
1264.52771
3751.732178
0.000003
-29.941368
-0.086304
0
1742.612915
1264.488403
3736.945557
0.000003
-29.530445
-0.086304
0
1768.857178
1264.499512
3722.411377
0.000003
-28.977779
0.024233
0
1795.149536
1264.51062
3707.964355
0.000003
-28.787661
0.024233
0
1821.519531
1264.521729
3693.659668
0.000003
-28.478178
0.024233
0
1847.986816
1264.532959
3679.535889
0.000003
-28.085777
0.024233
0
1874.608398
1264.544189
3665.705078
0.000003
-27.453424
0.024233
0
1901.392822
1264.555542
3652.192383
0.000003
-26.770939
0.024233
0
1928.410156
1264.619629
3639.151855
0.000003
-25.765377
0.135963
0
1955.62561
1264.684204
3626.529785
0.000003
-24.881073
0.135963
0
1983.023193
1264.749268
3614.308105
0.000003
-24.040762
0.135963
0
2010.597168
1264.814697
3602.48999
0.000003
-23.199768
0.135963
0
2038.291382
1264.880371
3590.956299
0.000003
-22.609776
0.135963
0
2066.108887
1264.89624
3579.723145
0.000003
-21.989744
0.032624
0
2094.043213
1264.912109
3568.783691
0.000003
-21.385704
0.032624
0
2122.097656
1264.928101
3558.15625
0.000003
-20.747313
0.032624
0
2150.244141
1264.944092
3547.775146
0.000003
-20.245329
0.032624
0
2178.496338
1264.862915
3537.685059
0.000003
-19.653622
-0.164612
0
2206.830811
1264.734619
3527.829346
0.000003
-19.179163
-0.259491
0
2235.236328
1264.554077
3518.181152
0.000003
-18.760132
-0.364258
0
2263.7146
1264.373047
3508.749756
0.000003
-18.323572
-0.364258
0
2292.261963
1264.191528
3499.529541
0.000003
-17.898796
-0.364258
0
2320.872803
1264.009644
3490.508057
0.000003
-17.500671
-0.364258
0
2349.53125
1263.776245
3481.639893
0.000003
-17.193901
-0.466522
0
2378.221191
1263.542603
3472.874512
0.000003
-16.988708
-0.466522
0
2406.961182
1263.308594
3464.274658
0.000003
-16.65799
-0.466522
0
2435.745117
1263.074219
3455.823242
0.000003
-16.362606
-0.466522
0
2464.574219
1262.786987
3447.529053
0.000003
-16.049988
-0.57074
0
2493.447998
1262.49939
3439.391846
0.000003
-15.738244
-0.57074
0
2522.378906
1262.211182
3431.459717
0.000003
-15.331547
-0.57074
0
2551.381836
1261.922241
3423.795166
0.000003
-14.802426
-0.57074
0
2580.409668
1261.584839
3416.227051
0.000003
-14.611782
-0.666046
0
2609.485352
1261.246826
3408.845703
0.000003
-14.243744
-0.666046
0
2638.5896
1260.850586
3401.580078
0.000003
-14.015868
-0.779999
0
2667.733154
1260.453857
3394.474121
0.000003
-13.701502
-0.779999
0
2696.900879
1260.056763
3387.468018
0.000003
-13.505483
-0.779999
0
2726.131348
1259.658813
3380.728516
0.000003
-12.982263
-0.779999
0
2755.408447
1259.260254
3374.194336
0.000003
-12.580047
-0.779999
0
2784.745361
1258.805298
3367.937988
0.000003
-12.037327
-0.88855
0
2814.123291
1258.349609
3361.877441
0.000003
-11.654959
-0.88855
0
2843.554443
1257.893188
3356.080566
0.000003
-11.141268
-0.88855
0
2873.024414
1257.436157
3350.484863
0.000003
-10.75
-0.88855
0
2902.544922
1256.978271
3345.162109
0.000003
-10.219848
-0.88855
0
2932.09375
1256.46521
3340.003662
0.000003
-9.901213
-0.994751
0
2961.682373
1255.951416
3335.078613
0.000003
-9.44876
-0.994751
0
2991.305908
1255.437012
3330.368896
0.000003
-9.03229
-0.994751
0
3020.963135
1254.922119
3325.876709
0.000003
-8.611754
-0.994751
0
3050.644775
1254.406738
3321.548584
0.000003
-8.295012
-0.994751
0
3080.356201
1253.890869
3317.429688
0.000003
-7.891443
-0.994751
0
3110.082275
1253.374756
3313.418213
0.000003
-7.684509
-0.994751
0
3139.821777
1252.858398
3309.507568
0.000003
-7.490081
-0.994751
0
3169.561279
1252.342041
3305.596924
0.000003
-7.490081
-0.994751
0
3199.307861
1251.825562
3301.739746
0.000003
-7.387177
-0.994751
0
3229.076416
1251.308716
3298.056152
0.000003
-7.052792
-0.994751
0
3258.851563
1250.791748
3294.425781
0.000003
-6.950742
-0.994751
0
3288.633057
1250.274658
3290.848145
0.000003
-6.849088
-0.994751
0
3318.426025
1249.704956
3287.375244
0.000003
-6.647488
-1.095551
0
3348.231445
1249.13501
3284.012695
0.000003
-6.435329
-1.09555
0
3378.060303
1248.564575
3280.865234
0.000003
-6.02245
-1.09555
0
3407.917725
1247.934448
3278.013428
0.000003
-5.454684
-1.209106
0
3437.793213
1247.251709
3275.370361
0.000003
-5.054565
-1.309143
0
3467.694824
1246.513428
3273.056641
0.000003
-4.423497
-1.414337
0
3497.613281
1245.77478
3270.973145
0.000003
-3.982478
-1.414337
0
3527.541504
1244.979492
3269.05835
0.000003
-3.659267
-1.522064
0
3557.480225
1244.18396
3267.315918
0.000003
-3.32986
-1.522064
0
3587.420654
1243.336914
3265.624756
0.000003
-3.231444
-1.620484
0
3617.364258
1242.489746
3263.993164
0.000003
-3.117544
-1.620484
0
3647.313965
1241.642456
3262.478516
0.000003
-2.893951
-1.620483
0
3677.271973
1240.794922
3261.137207
0.000003
-2.562461
-1.620483
0
3707.23291
1239.894531
3259.901367
0.000003
-2.360903
-1.721252
0
3737.200439
1238.994019
3258.835938
0.000003
-2.035369
-1.721252
0
3767.169922
1238.041138
3257.875
0.000003
-1.835572
-1.821137
0
3797.141357
1237.088135
3256.978271
0.000003
-1.712923
-1.821137
0
3827.114502
1236.135132
3256.13916
0.000003
-1.602847
-1.821136
0
3857.091797
1235.182007
3255.470215
0.000003
-1.277921
-1.821137
0
3887.071533
1234.175293
3255.014893
0.000003
-0.869681
-1.923187
0
3917.052246
1233.110718
3254.848877
0.000003
-0.317133
-2.033691
0
3947.033203
1232.046143
3254.94873
0.000003
0.190569
-2.033692
0
3977.010498
1230.924438
3255.277588
0.000003
0.62794
-2.143036
0
4006.986328
1229.802734
3255.715576
0.000003
0.836377
-2.143036
0
4036.960205
1228.681152
3256.267822
0.000003
1.05467
-2.143036
0
4066.934082
1227.55957
3256.820068
0.000003
1.05467
-2.143036
0
4096.908203
1226.437988
3257.372314
0.000003
1.05467
-2.143036
0
4126.882324
1225.316406
3257.924561
0.000003
1.05467
-2.143036
0
4156.85498
1224.194824
3258.53125
0.000003
1.158619
-2.143036
0
4186.827637
1223.073242
3259.137939
0.000003
1.158619
-2.143036
0
4216.799316
1221.95166
3259.803711
0.000003
1.271651
-2.143036
0
4246.770996
1220.830078
3260.469482
0.000003
1.271651
-2.143036
0
4276.739258
1219.656128
3261.187744
0.000003
1.371919
-2.243317
0
4306.706055
1218.482178
3261.96167
0.000003
1.478415
-2.243317
0
4336.671387
1217.30835
3262.793701
0.000003
1.589214
-2.243317
0
4366.635254
1216.134521
3263.683594
0.000003
1.699822
-2.243317
0
4396.599121
1214.960693
3264.573486
0.000003
1.699822
-2.243317
0
4426.55957
1213.787109
3265.574463
0.000003
1.912159
-2.243316
0
4456.52002
1212.613525
3266.575439
0.000003
1.912159
-2.243316
0
4486.480469
1211.439941
3267.576416
0.000003
1.912159
-2.243316
0
4516.440918
1210.266357
3268.577393
0.000003
1.912159
-2.243316
0
4546.401367
1209.092773
3269.578369
0.000003
1.912159
-2.243316
0
4576.361816
1207.919189
3270.579346
0.000003
1.912159
-2.243316
0
4606.322266
1206.745605
3271.580322
0.000003
1.912159
-2.243316
0
4636.280762
1205.572021
3272.639893
0.000003
2.023826
-2.243317
0
4666.234863
1204.39856
3273.811523
0.000003
2.238444
-2.243317
0
4696.18457
1203.225342
3275.096924
0.000003
2.455876
-2.243316
0
4726.128418
1202.1073
3276.547119
0.000003
2.77068
-2.138367
0
4756.063477
1200.989502
3278.175049
0.000003
3.110598
-2.138366
0
4785.995605
1199.871826
3279.856445
0.000003
3.212907
-2.138367
0
4815.924316
1198.754272
3281.595703
0.000003
3.323481
-2.138366
0
4845.853027
1197.636719
3283.334961
0.000003
3.323481
-2.138366
0
4875.781738
1196.519165
3285.074219
0.000003
3.323481
-2.138366
0
4905.710449
1195.401611
3286.813477
0.000003
3.323481
-2.138366
0
4935.63916
1194.284058
3288.552734
0.000003
3.323481
-2.138366
0
4965.567871
1193.166504
3290.291992
0.000003
3.323481
-2.138366
0
4995.496582
1192.04895
3292.03125
0.000003
3.323481
-2.138366
0
5025.425293
1190.931396
3293.770508
0.000003
3.323481
-2.138366
0
5055.354004
1189.813843
3295.509766
0.000003
3.323481
-2.138366
0
5085.282715
1188.696289
3297.249023
0.000003
3.323481
-2.138366
0
5115.211426
1187.578735
3298.988281
0.000003
3.323481
-2.138366
0
5145.140137
1186.461182
3300.727539
0.000003
3.323481
-2.138366
0
5175.068848
1185.343628
3302.466797
0.000003
3.323481
-2.138366
0
5204.997559
1184.226074
3304.206055
0.000003
3.323481
-2.138366
0
5234.92627
1183.108521
3305.945313
0.000003
3.323481
-2.138366
0
5264.85498
1181.990967
3307.68457
0.000003
3.323481
-2.138366
0
5294.783691
1180.873413
3309.423828
0.000003
3.323481
-2.138366
0
5324.712402
1179.755859
3311.163086
0.000003
3.323481
-2.138366
0
5354.641113
1178.638306
3312.902344
0.000003
3.323481
-2.138366
0
5384.569824
1177.520752
3314.641602
0.000003
3.323481
-2.138366
0
5414.498535
1176.403198
3316.380859
0.000003
3.323481
-2.138366
0
5444.427246
1175.285645
3318.120117
0.000003
3.323481
-2.138366
0
5474.355957
1174.168091
3319.859375
0.000003
3.323481
-2.138366
0
5504.284668
1173.050537
3321.598633
0.000003
3.323481
-2.138366
0
5534.213379
1171.932983
3323.337891
0.000003
3.323481
-2.138366
0
5564.14209
1170.81543
3325.077148
0.000003
3.323481
-2.138366
0
5594.067383
1169.69812
3326.876953
0.000003
3.439478
-2.138366
0
5623.98877
1168.580933
3328.734863
0.000003
3.550803
-2.138366
0
5653.906738
1167.463867
3330.648193
0.000003
3.656822
-2.138366
0
5683.821289
1166.346924
3332.618408
0.000003
3.76534
-2.138367
0
5713.727539
1165.230225
3334.706055
0.000003
3.990442
-2.138367
0
5743.625
1164.113892
3336.917725
0.000003
4.227662
-2.138366
0
5773.522461
1162.997559
3339.129395
0.000003
4.227662
-2.138366
0
5803.419922
1161.881226
3341.341064
0.000003
4.227662
-2.138366
0
5833.308594
1160.765259
3343.670898
0.000003
4.454144
-2.138366
0
5863.192871
1159.649414
3346.056396
0.000003
4.560619
-2.138366
0
5893.072266
1158.533813
3348.503174
0.000003
4.678058
-2.138367
0
5922.95166
1157.418213
3350.949951
0.000003
4.678058
-2.138367
0
5952.825684
1156.302734
3353.457764
0.000003
4.794991
-2.138367
0
5982.699707
1155.187256
3355.965576
0.000003
4.794991
-2.138367
0
6012.568848
1154.072021
3358.530762
0.000003
4.904929
-2.138367
0
6042.437988
1152.956787
3361.095947
0.000003
4.904929
-2.138367
0
6072.307129
1151.841553
3363.661133
0.000003
4.904929
-2.138367
0
6102.171875
1150.72644
3366.279053
0.000003
5.006337
-2.138367
0
6132.036621
1149.611328
3368.896973
0.000003
5.006337
-2.138367
0
6161.901367
1148.496216
3371.514893
0.000003
5.006337
-2.138367
0
6191.766113
1147.381104
3374.132813
0.000003
5.006337
-2.138367
0
6221.625488
1146.266235
3376.813965
0.000003
5.127676
-2.138367
0
6251.484863
1145.151367
3379.495117
0.000003
5.127676
-2.138367
0
6281.344238
1144.036499
3382.17627
0.000003
5.127676
-2.138367
0
6311.203613
1142.921631
3384.857422
0.000003
5.127676
-2.138367
0
6341.062988
1141.806763
3387.538574
0.000003
5.127676
-2.138367
0
6370.922363
1140.691895
3390.219727
0.000003
5.127676
-2.138367
0
6400.781738
1139.577026
3392.900879
0.000003
5.127676
-2.138367
0
6430.641113
1138.462158
3395.582031
0.000003
5.127676
-2.138367
0
6460.495117
1137.347412
3398.320313
0.000003
5.236952
-2.138367
0
6490.344238
1136.23291
3401.113037
0.000003
5.341385
-2.138367
0
6520.193359
1135.118408
3403.905762
0.000003
5.341385
-2.138367
0
6550.04248
1134.003906
3406.698486
0.000003
5.341385
-2.138367
0
6579.891602
1132.889404
3409.491211
0.000003
5.341385
-2.138367
0
6609.740723
1131.774902
3412.283936
0.000003
5.341385
-2.138367
0
6639.589844
1130.6604
3415.07666
0.000003
5.341385
-2.138367
0
6669.438965
1129.545898
3417.869385
0.000003
5.341385
-2.138367
0
6699.288086
1128.431396
3420.662109
0.000003
5.341385
-2.138367
0
6729.137207
1127.316895
3423.454834
0.000003
5.341385
-2.138367
0
6758.986328
1126.202393
3426.247559
0.000003
5.341385
-2.138367
0
6788.835449
1125.087891
3429.040283
0.000003
5.341385
-2.138367
0
6818.68457
1123.973389
3431.833008
0.000003
5.341385
-2.138367
0
6848.533691
1122.858887
3434.625732
0.000003
5.341385
-2.138367
0
6878.382813
1121.744385
3437.418457
0.000003
5.341385
-2.138367
0
6908.231934
1120.629883
3440.211182
0.000003
5.341385
-2.138367
0
6938.081055
1119.515381
3443.003906
0.000003
5.341385
-2.138367
0
6967.930176
1118.400879
3445.796631
0.000003
5.341385
-2.138367
0
6997.779297
1117.286377
3448.589355
0.000003
5.341385
-2.138367
0
7027.628418
1116.171875
3451.38208
0.000003
5.341385
-2.138367
0
7057.477539
1115.057373
3454.174805
0.000003
5.341385
-2.138367
0
7087.32666
1113.942871
3456.967529
0.000003
5.341385
-2.138367
0
7117.175781
1112.828369
3459.760254
0.000003
5.341385
-2.138367
0
7147.024902
1111.713867
3462.552979
0.000003
5.341385
-2.138367
0
7176.874023
1110.599365
3465.345703
0.000003
5.341385
-2.138367
0
7206.723145
1109.484863
3468.138428
0.000003
5.341385
-2.138367
0
7236.572266
1108.370361
3470.931152
0.000003
5.341385
-2.138367
0
7266.421387
1107.255859
3473.723877
0.000003
5.341385
-2.138367
0
7296.270508
1106.141357
3476.516602
0.000003
5.341385
-2.138367
0
7326.119629
1105.026855
3479.309326
0.000003
5.341385
-2.138367
0
7355.96875
1103.912354
3482.102051
0.000003
5.341385
-2.138367
0
7385.817871
1102.797852
3484.894775
0.000003
5.341385
-2.138367
0
7415.666992
1101.68335
3487.6875
0.000003
5.341385
-2.138367
0
7445.516113
1100.568848
3490.480225
0.000003
5.341385
-2.138367
0
7475.365234
1099.454346
3493.272949
0.000003
5.341385
-2.138367
0
7505.214355
1098.339844
3496.065674
0.000003
5.341385
-2.138367
