0
-13270.0
743.55658
1478.150024
0.0
0.0
-0.609527
0
-12955.036133
744.123596
1476.091064
0.0
8.820902
1.01261
0
-12895.754883
745.171387
1485.29187
0.0
8.820902
1.01261
0
-12836.467773
746.219299
1494.456421
0.0
8.785897
1.01261
0
-12777.180664
747.267212
1503.620972
0.0
8.785897
1.01261
0
-12717.893555
748.315125
1512.785522
0.0
8.785897
1.01261
0
-12658.606445
749.363037
1521.950073
0.0
8.785897
1.01261
0
-12599.319336
750.41095
1531.114624
0.0
8.785897
1.01261
0
-12540.032227
751.458862
1540.279175
0.0
8.785897
1.01261
0
-12480.745117
752.506775
1549.443726
0.0
8.785897
1.01261
0
-12421.458008
753.554688
1558.608276
0.0
8.785897
1.01261
0
-12362.170898
754.6026
1567.772827
0.0
8.785897
1.01261
0
-12302.883789
755.650513
1576.937378
0.0
8.785897
1.01261
0
-12243.59668
756.698425
1586.101929
0.0
8.785897
1.01261
0
-12184.30957
757.746338
1595.266479
0.0
8.785897
1.01261
0
-12125.022461
758.79425
1604.43103
0.0
8.785897
1.01261
0
-12065.735352
759.842163
1613.595581
0.0
8.785897
1.01261
0
-12006.448242
760.890076
1622.760132
0.0
8.785897
1.01261
0
-11947.161133
761.937988
1631.924683
0.0
8.785897
1.01261
0
-11887.874023
762.985901
1641.089233
0.0
8.785897
1.01261
0
-11828.586914
764.033813
1650.253784
0.0
8.785897
1.01261
0
-11769.299805
765.081726
1659.418335
0.0
8.785897
1.01261
0
-11710.012695
766.129639
1668.582886
0.0
8.785897
1.01261
0
-11650.725586
767.177551
1677.747437
0.0
8.785897
1.01261
0
-11591.438477
768.225464
1686.911987
0.0
8.785897
1.01261
0
-11532.151367
769.273376
1696.076538
0.0
8.785897
1.01261
0
-11472.864258
770.321289
1705.241089
0.0
8.785897
1.01261
0
-11413.577148
771.369202
1714.40564
0.0
8.785897
1.01261
0
-11354.290039
772.417114
1723.57019
0.0
8.785897
1.01261
0
-11295.00293
773.465027
1732.734741
0.0
8.785897
1.01261
0
-11235.71582
774.512939
1741.899292
0.0
8.785897
1.01261
0
-11176.428711
775.560852
1751.063843
0.0
8.785897
1.01261
0
-11117.141602
776.608765
1760.228394
0.0
8.785897
1.01261
0
-11057.854492
777.656677
1769.392944
0.0
8.785897
1.01261
0
-10998.567383
778.70459
1778.557495
0.0
8.785897
1.01261
0
-10939.280273
779.752502
1787.722046
0.0
8.785897
1.01261
0
-10879.993164
780.800415
1796.886597
0.0
8.785897
1.01261
0
-10820.706055
781.848328
1806.051147
0.0
8.785897
1.01261
0
-10761.418945
782.89624
1815.215698
0.0
8.785897
1.01261
0
-10702.131836
783.944153
1824.380249
0.0
8.785897
1.01261
0
-10642.844727
784.992065
1833.5448
0.0
8.785897
1.01261
0
-10583.557617
786.039978
1842.709351
0.0
8.785897
1.01261
0
-10524.270508
787.087891
1851.873901
0.0
8.785897
1.01261
0
-10464.983398
788.135803
1861.038452
0.0
8.785897
1.01261
0
-10405.696289
789.183716
1870.203003
0.0
8.785897
1.01261
0
-10346.40918
790.231628
1879.367554
0.0
8.785897
1.01261
0
-10287.12207
791.279541
1888.532104
0.0
8.785897
1.01261
0
-10227.834961
792.327454
1897.696655
0.0
8.785897
1.01261
0
-10168.547852
793.375366
1906.861206
0.0
8.785897
1.01261
0
-10109.260742
794.423279
1916.025757
0.0
8.785897
1.01261
0
-10049.973633
795.471191
1925.190308
0.0
8.785897
1.01261
0
-9990.686523
796.519104
1934.354858
0.0
8.785897
1.01261
0
-9931.399414
797.567017
1943.519409
0.0
8.785897
1.01261
0
-9872.112305
798.614929
1952.68396
0.0
8.785897
1.01261
0
-9812.825195
799.662842
1961.848511
0.0
8.785897
1.01261
0
-9753.537109
800.637756
1971.013062
0.0
8.785897
0.942093
0
-9694.232422
801.612976
1980.068115
0.0
8.680132
0.942093
0
-9634.927734
802.588196
1989.123169
0.0
8.680132
0.942093
0
-9575.623047
803.563416
1998.178223
0.0
8.680132
0.942093
0
-9516.318359
804.538635
2007.233276
0.0
8.680132
0.942093
0
-9457.007813
805.513916
2016.251343
0.0
8.644376
0.942093
0
-9397.689453
806.489319
2025.219971
0.0
8.596612
0.942093
0
-9338.371094
807.464722
2034.188599
0.0
8.596612
0.942093
0
-9279.041992
808.402527
2043.084717
0.0
8.526616
0.905606
0
-9219.699219
809.340576
2051.894531
0.0
8.443281
0.905606
0
-9160.356445
810.278625
2060.704346
0.0
8.443281
0.905606
0
-9101.008789
811.216736
2069.475586
0.0
8.405989
0.905605
0
-9041.647461
812.15509
2078.157227
0.0
8.319491
0.905605
0
-8982.286133
813.093445
2086.838867
0.0
8.319491
0.905605
0
-8922.918945
814.03186
2095.47876
-0.0
8.279384
0.905605
0
-8863.551758
814.970276
2104.118652
-0.0
8.279384
0.905605
0
-8804.18457
815.908691
2112.758545
-0.0
8.279384
0.905605
0
-8744.817383
816.847107
2121.398438
-0.0
8.279384
0.905605
0
-8685.450195
817.785522
2130.03833
-0.0
8.279384
0.905605
0
-8626.083008
818.723938
2138.678223
-0.0
8.279384
0.905605
0
-8566.71582
819.662354
2147.318115
-0.0
8.279384
0.905605
0
-8507.348633
820.600769
2155.958008
-0.0
8.279384
0.905605
0
-8447.981445
821.539185
2164.5979
-0.0
8.279384
0.905605
0
-8388.614258
822.4776
2173.237793
-0.0
8.279384
0.905605
0
-8329.24707
823.416016
2181.877686
-0.0
8.279384
0.905605
0
-8269.879883
824.354431
2190.517578
-0.0
8.279384
0.905605
0
-8210.512695
825.292847
2199.157471
-0.0
8.279384
0.905605
0
-8151.145508
826.231262
2207.797363
-0.0
8.279384
0.905605
0
-8091.77832
827.169678
2216.437256
-0.0
8.279384
0.905605
0
-8032.411133
828.108093
2225.077148
-0.0
8.279384
0.905605
0
-7973.043945
829.046509
2233.717041
-0.0
8.279384
0.905605
0
-7913.676758
829.984924
2242.356934
-0.0
8.279384
0.905605
0
-7854.309082
830.88208
2250.996826
0.0
8.279384
0.865797
0
-7794.929199
831.779419
2259.554199
0.0
8.199764
0.865797
0
-7735.549316
832.676758
2268.111572
0.0
8.199764
0.865797
0
-7676.169434
833.574097
2276.668945
0.0
8.199764
0.865797
0
-7616.789551
834.471436
2285.226318
0.0
8.199764
0.865797
0
-7557.395508
835.369019
2293.684326
0.0
8.103725
0.865797
0
-7498.001465
836.266602
2302.142334
0.0
8.103725
0.865797
0
-7438.607422
837.164185
2310.600342
0.0
8.103725
0.865797
0
-7379.213379
838.061768
2319.05835
0.0
8.103725
0.865797
0
-7319.819336
838.959351
2327.516357
0.0
8.103725
0.865797
0
-7260.418945
839.856995
2335.929688
0.0
8.060763
0.865797
0
-7201.008789
840.754822
2344.272705
0.0
7.992947
0.865797
0
-7141.589355
841.607788
2352.55542
0.0
7.934822
0.822425
0
-7082.152832
842.460999
2360.716064
-0.0
7.817055
0.822425
0
-7022.705078
843.224609
2368.803223
0.0
7.746247
0.735906
0
-6963.241211
843.988403
2376.768799
0.0
7.629089
0.735905
0
-6903.777344
844.752197
2384.734375
0.0
7.629089
0.735905
0
-6844.313477
845.515991
2392.699951
0.0
7.629089
0.735905
0
-6784.843262
846.279846
2400.61792
0.0
7.583197
0.735905
0
-6725.373047
847.043701
2408.535889
0.0
7.583197
0.735905
0
-6665.902832
847.807556
2416.453857
0.0
7.583197
0.735905
0
-6606.432617
848.571411
2424.371826
0.0
7.583197
0.735905
0
-6546.956543
849.335388
2432.245117
0.0
7.540071
0.735906
0
-6487.480469
850.099365
2440.118408
0.0
7.540071
0.735906
0
-6428.003418
850.81543
2447.991699
-0.0
7.540071
0.689774
0
-6368.51416
851.531677
2455.769043
-0.0
7.447809
0.689774
0
-6309.024902
852.247925
2463.546387
-0.0
7.447809
0.689774
0
-6249.534668
852.916504
2471.32373
-0.0
7.447809
0.643898
0
-6190.025879
853.585327
2478.958252
0.0
7.31018
0.643898
0
-6130.51709
854.25415
2486.592773
0.0
7.31018
0.643898
0
-6071.008301
854.922974
2494.227295
0.0
7.31018
0.643898
0
-6011.493164
855.544556
2501.815186
0.0
7.265368
0.598396
0
-5951.969727
856.16626
2509.335693
0.0
7.200562
0.598396
0
-5892.446289
856.787964
2516.856201
0.0
7.200562
0.598396
0
-5832.922852
857.409668
2524.376709
0.0
7.200562
0.598396
0
-5773.399414
858.031372
2531.897217
0.0
7.200562
0.598396
0
-5713.875977
858.653076
2539.417725
0.0
7.200562
0.598396
0
-5654.352539
859.27478
2546.938232
0.0
7.200562
0.598396
0
-5594.816895
859.896606
2554.364258
0.0
7.109653
0.598396
0
-5535.280762
860.47113
2561.790283
0.0
7.109653
0.552868
0
-5475.73877
861.045715
2569.169189
0.0
7.06413
0.552868
0
-5416.196777
861.6203
2576.548096
0.0
7.06413
0.552868
0
-5356.654785
862.194885
2583.927002
0.0
7.06413
0.552868
0
-5297.112793
862.724182
2591.305908
0.0
7.06413
0.509305
0
-5237.564941
863.25354
2598.639404
0.0
7.02056
0.509305
0
-5178.01709
863.782898
2605.9729
0.0
7.02056
0.509305
0
-5118.469238
864.312256
2613.306396
0.0
7.02056
0.509305
0
-5058.920898
864.798218
2620.639893
0.0
7.02056
0.467592
0
-4999.367188
865.284241
2627.930176
0.0
6.978855
0.467591
0
-4939.813477
865.727051
2635.220459
0.0
6.978848
0.425991
0
-4880.253906
866.11615
2642.467285
0.0
6.937238
0.374328
0
-4820.687988
866.50531
2649.6604
0.0
6.885575
0.374327
0
-4761.121582
866.809875
2656.853516
0.0
6.885575
0.292929
0
-4701.544922
867.114441
2663.962158
0.0
6.804173
0.292929
0
-4641.968262
867.419006
2671.070801
0.0
6.804173
0.292929
0
-4582.391602
867.723572
2678.179443
0.0
6.804173
0.292929
0
-4522.814941
868.028137
2685.288086
0.0
6.804173
0.292929
0
-4463.238281
868.332703
2692.396729
0.0
6.804173
0.292929
0
-4403.661621
868.637268
2699.505371
0.0
6.804173
0.292929
0
-4344.084961
868.941833
2706.614014
0.0
6.804173
0.292929
0
-4284.508301
869.246399
2713.722656
0.0
6.804173
0.292929
0
-4224.931641
869.501404
2720.831299
0.0
6.804173
0.245216
0
-4165.348633
869.756409
2727.890137
0.0
6.756457
0.245216
0
-4105.765625
870.011414
2734.948975
0.0
6.756457
0.245216
0
-4046.182861
870.266418
2742.007813
0.0
6.756457
0.245216
0
-3986.600098
870.521423
2749.06665
0.0
6.756457
0.245216
0
-3927.017334
870.776428
2756.125488
0.0
6.756457
0.245216
0
-3867.43457
871.031433
2763.184326
0.0
6.756457
0.245216
0
-3807.851807
871.286438
2770.243164
0.0
6.756457
0.245216
0
-3748.269043
871.541443
2777.302002
0.0
6.756457
0.245216
0
-3688.686279
871.796448
2784.36084
0.0
6.756457
0.245216
0
-3629.103271
872.001343
2791.419678
0.0
6.756457
0.197053
0
-3569.514404
872.206299
2798.428467
0.0
6.708291
0.197053
0
-3509.925537
872.411255
2805.437256
0.0
6.708291
0.197053
0
-3450.33667
872.616211
2812.446045
0.0
6.708291
0.197053
0
-3390.747559
872.723938
2819.454834
0.0
6.708291
0.103569
0
-3331.158447
872.831665
2826.463623
0.0
6.708291
0.103569
0
-3271.569336
872.939392
2833.472412
0.0
6.708291
0.103569
0
-3211.980225
873.047119
2840.481201
0.0
6.708291
0.103569
0
-3152.391113
873.154846
2847.48999
0.0
6.708291
0.103569
0
-3092.802002
873.211365
2854.498779
0.0
6.708291
0.054324
0
-3033.212891
873.18866
2861.507568
0.0
6.708291
-0.02182
0
-2973.617676
873.165955
2868.464355
0.0
6.658143
-0.02182
0
-2914.022461
873.14325
2875.421143
0.0
6.658143
-0.02182
0
-2854.427246
873.120544
2882.37793
0.0
6.658143
-0.02182
0
-2794.832031
873.097839
2889.334717
0.0
6.658143
-0.02182
0
-2735.236816
873.075134
2896.291504
0.0
6.658143
-0.02182
0
-2675.641602
873.052429
2903.248291
0.0
6.658143
-0.02182
0
-2616.046387
873.029724
2910.205078
0.0
6.658143
-0.02182
0
-2556.451172
872.951599
2917.161865
0.0
6.658143
-0.075134
0
-2496.849365
872.873413
2924.063232
0.0
6.604827
-0.075134
0
-2437.247803
872.745728
2930.9646
0.0
6.604827
-0.122772
0
-2377.640381
872.617981
2937.816406
0.0
6.557186
-0.122772
0
-2318.032959
872.490234
2944.668213
0.0
6.557186
-0.122772
0
-2258.425537
872.362488
2951.52002
0.0
6.557186
-0.122772
0
-2198.818115
872.234741
2958.371826
0.0
6.557186
-0.122772
0
-2139.210693
872.106995
2965.223633
0.0
6.557186
-0.122772
0
-2079.603271
871.979248
2972.075439
0.0
6.557186
-0.122772
0
-2019.99585
871.851501
2978.927246
0.0
6.557186
-0.122772
0
-1960.388672
871.668457
2985.779053
0.0
6.557186
-0.175964
0
-1900.78186
871.383789
2992.630859
0.0
6.557186
-0.273651
0
-1841.168823
870.992249
2999.422607
0.0
6.499574
-0.376343
0
-1781.543701
870.600586
3006.107422
0.0
6.396888
-0.376343
0
-1721.918579
870.208923
3012.792236
0.0
6.396888
-0.376343
0
-1662.293457
869.817261
3019.477051
0.0
6.396888
-0.376343
0
-1602.668335
869.425598
3026.161865
0.0
6.396888
-0.376343
0
-1543.043213
869.033936
3032.84668
0.0
6.396888
-0.376343
0
-1483.418091
868.642273
3039.531494
0.0
6.396888
-0.376343
0
-1423.793335
868.192139
3046.216309
0.0
6.396888
-0.432526
0
-1364.162109
867.742004
3052.842773
0.0
6.340703
-0.432526
0
-1304.530884
867.29187
3059.469238
0.0
6.340703
-0.432526
0
-1244.893311
866.841675
3066.03833
0.0
6.285625
-0.432526
0
-1185.256226
866.327698
3072.607422
0.0
6.285625
-0.493774
0
-1125.612183
865.81366
3079.112793
0.0
6.224379
-0.493774
0
-1065.96814
865.299622
3085.618164
0.0
6.224379
-0.493774
0
-1006.324036
864.785583
3092.123535
0.0
6.224379
-0.493774
0
-946.679932
864.271545
3098.628906
0.0
6.224379
-0.493774
0
-887.035828
863.757507
3105.134277
0.0
6.224379
-0.493774
0
-827.391724
863.243469
3111.639648
0.0
6.224379
-0.493774
0
-767.74762
862.729431
3118.14502
0.0
6.224379
-0.493774
0
-708.103516
862.215393
3124.650391
0.0
6.224379
-0.493774
0
-648.459412
861.701355
3131.155762
0.0
6.224379
-0.493774
0
-588.815308
861.187317
3137.661133
0.0
6.224379
-0.493774
0
-529.171204
860.673279
3144.166504
0.0
6.224379
-0.493774
0
-469.520996
860.102844
3150.61084
0.0
6.165761
-0.547882
0
-409.86145
859.532349
3156.967773
0.0
6.081955
-0.547882
0
-350.201904
858.961853
3163.324707
0.0
6.081955
-0.547882
0
-290.542358
858.391357
3169.681641
0.0
6.081955
-0.547882
0
-230.882813
857.820862
3176.038574
0.0
6.081955
-0.547882
0
-171.223267
857.250366
3182.395508
0.0
6.081955
-0.547882
0
-111.563713
856.679871
3188.752441
0.0
6.081955
-0.547882
0
-51.90416
856.109375
3195.109375
0.0
6.081955
-0.547882
0
7.755394
855.538879
3201.466309
0.0
6.081955
-0.547882
0
67.414948
854.968384
3207.823242
0.0
6.081955
-0.547882
0
127.073952
854.34314
3214.180176
0.0
6.081955
-0.600464
0
186.73877
853.717834
3220.482422
0.0
6.029363
-0.600464
0
246.40358
853.092529
3226.784668
0.0
6.029363
-0.600464
0
306.06839
852.467224
3233.086914
0.0
6.029363
-0.600464
0
365.733215
851.841919
3239.38916
0.0
6.029363
-0.600464
0
425.398041
851.216614
3245.691406
0.0
6.029363
-0.600464
0
485.068329
850.591248
3251.94165
0.0
5.979386
-0.600464
0
544.738647
849.965881
3258.191895
0.0
5.979386
-0.600464
0
604.408936
849.340515
3264.442139
0.0
5.979386
-0.600464
0
664.084961
848.715088
3270.637207
0.0
5.926528
-0.600464
0
723.760986
848.089661
3276.832275
0.0
5.926528
-0.600464
0
783.437012
847.464233
3283.027344
0.0
5.926528
-0.600464
0
843.113037
846.838806
3289.222412
0.0
5.926528
-0.600464
0
902.789063
846.213379
3295.41748
0.0
5.926528
-0.600464
0
962.465088
845.587952
3301.612549
0.0
5.926528
-0.600464
0
1022.146606
844.962463
3307.754395
0.0
5.875335
-0.600464
0
1081.828125
844.336975
3313.89624
0.0
5.875335
-0.600464
0
1141.509644
843.711487
3320.038086
0.0
5.875335
-0.600464
0
1201.191162
843.085999
3326.179932
0.0
5.875335
-0.600464
0
1260.872681
842.46051
3332.321777
0.0
5.875335
-0.600464
0
1320.554199
841.835022
3338.463623
0.0
5.875335
-0.600464
0
1380.235718
841.209534
3344.605469
0.0
5.875335
-0.600464
0
1439.917236
840.584045
3350.747314
0.0
5.875335
-0.600464
0
1499.598755
839.958557
3356.88916
0.0
5.875335
-0.600464
0
1559.280273
839.333069
3363.031006
0.0
5.875335
-0.600464
0
1618.961792
838.707581
3369.172852
0.0
5.875335
-0.600464
0
1678.643311
838.082092
3375.314697
0.0
5.875335
-0.600464
0
1738.324829
837.456604
3381.456543
0.0
5.875335
-0.600464
0
1798.006348
836.831116
3387.598389
0.0
5.875335
-0.600464
0
1857.687866
836.205627
3393.740234
0.0
5.875335
-0.600464
0
1917.369385
835.580139
3399.88208
0.0
5.875335
-0.600464
0
1977.050903
834.954651
3406.023926
0.0
5.875335
-0.600464
0
2036.732422
834.329163
3412.165771
0.0
5.875335
-0.600464
0
2096.414063
833.703674
3418.307617
0.0
5.875335
-0.600464
0
2156.095703
833.078186
3424.449463
0.0
5.875335
-0.600464
0
2215.777344
832.452698
3430.591309
0.0
5.875335
-0.600464
0
2275.458008
831.757446
3436.733154
0.0
5.875329
-0.667419
0
2335.153076
831.062073
3442.735596
0.0
5.741402
-0.667419
0
2394.848145
830.366699
3448.738037
0.0
5.741402
-0.667419
0
2454.549316
829.671204
3454.679199
0.0
5.682717
-0.667419
0
2514.249512
828.907227
3460.620361
0.0
5.682717
-0.733185
0
2573.956543
828.143127
3466.49292
-0.0
5.616949
-0.733185
0
2633.663574
827.379028
3472.365479
-0.0
5.616949
-0.733185
0
2693.370605
826.614929
3478.238037
-0.0
5.616949
-0.733185
0
2753.077637
825.85083
3484.110596
-0.0
5.616949
-0.733185
0
2812.784668
825.086731
3489.983154
-0.0
5.616949
-0.733185
0
2872.491699
824.322632
3495.855713
-0.0
5.616949
-0.733185
0
2932.197754
823.493042
3501.728271
-0.0
5.616942
-0.796021
0
2991.9104
822.663391
3507.5354
-0.0
5.554105
-0.796021
0
3051.623047
821.83374
3513.342529
-0.0
5.554105
-0.796021
0
3111.334717
820.937988
3519.149658
0.0
5.554098
-0.859436
0
3171.050781
819.920532
3524.890625
0.0
5.490686
-0.976135
0
3230.77832
818.902893
3530.51001
0.0
5.373979
-0.976135
0
3290.515625
817.815369
3536.01123
0.0
5.260571
-1.042969
0
3350.264893
816.7276
3541.383057
0.0
5.1365
-1.042969
0
3410.012695
815.574341
3546.754883
0.0
5.1365
-1.105804
0
3469.766357
814.420959
3552.061035
-0.0
5.073648
-1.105804
0
3529.52002
813.267578
3557.367188
-0.0
5.073648
-1.105804
0
3589.286377
812.044434
3562.514893
0.0
4.921698
-1.172424
0
3649.063477
810.821045
3567.533936
0.0
4.798399
-1.172424
0
3708.840576
809.597656
3572.552979
0.0
4.798399
-1.172424
0
3768.617676
808.374268
3577.572021
0.0
4.798399
-1.172424
0
3828.394775
807.150879
3582.591064
0.0
4.798399
-1.172424
0
3888.171875
805.92749
3587.610107
0.0
4.798399
-1.172424
0
3947.948975
804.704102
3592.62915
0.0
4.798399
-1.172424
0
4007.726074
803.480713
3597.648193
0.0
4.798399
-1.172424
0
4067.500732
802.133972
3602.667236
0.0
4.798399
-1.290649
0
4127.285645
800.787048
3607.562744
0.0
4.680168
-1.290649
0
4187.070313
799.440125
3612.458252
0.0
4.680168
-1.290649
0
4246.85498
798.093201
3617.35376
0.0
4.680168
-1.290649
0
4306.639648
796.746277
3622.249268
0.0
4.680168
-1.290649
0
4366.424316
795.399353
3627.144775
0.0
4.680168
-1.290649
0
4426.20752
793.989197
3632.040283
0.0
4.680168
-1.351257
0
4486.005859
792.578674
3636.746094
0.0
4.498342
-1.351257
0
4545.804199
791.168152
3641.451904
0.0
4.498342
-1.351257
0
4605.602539
789.757629
3646.157715
0.0
4.498342
-1.351257
0
4665.400879
788.347107
3650.863525
0.0
4.498342
-1.351257
0
4725.20459
786.936462
3655.500977
0.0
4.432745
-1.351257
0
4785.008301
785.525818
3660.138428
0.0
4.432745
-1.351257
0
4844.81543
784.047791
3664.712891
0.0
4.372557
-1.41568
0
4904.631836
782.569519
3669.166992
0.0
4.257318
-1.41568
0
4964.448242
781.091248
3673.621094
0.0
4.257318
-1.41568
0
5024.269043
779.612854
3678.010254
0.0
4.194986
-1.41568
0
5084.089844
778.13446
3682.399414
0.0
4.194986
-1.41568
0
5143.915527
776.655945
3686.72168
0.0
4.131049
-1.41568
0
5203.739746
775.110291
3691.043945
0.0
4.131049
-1.47998
0
5263.568848
773.564514
3695.299072
0.0
4.066735
-1.47998
0
5323.397949
772.018738
3699.554199
0.0
4.066735
-1.47998
0
5383.231934
770.472839
3703.741455
0.0
4.001828
-1.47998
0
5443.063965
768.86438
3707.928711
0.0
4.001828
-1.539917
0
5502.896973
767.132385
3712.053467
0.0
3.9419
-1.658081
0
5562.738281
765.400146
3716.054688
0.0
3.82371
-1.658081
0
5622.57959
763.667908
3720.055908
0.0
3.82371
-1.658081
0
5682.420898
761.935669
3724.057129
0.0
3.82371
-1.658081
0
5742.262207
760.20343
3728.05835
0.0
3.82371
-1.658081
0
5802.103516
758.471191
3732.05957
0.0
3.82371
-1.658081
0
5861.944824
756.738953
3736.060791
0.0
3.82371
-1.658081
0
5921.786133
755.006714
3740.062012
0.0
3.82371
-1.658081
0
5981.627441
753.274475
3744.063232
0.0
3.82371
-1.658081
0
6041.46875
751.542236
3748.064453
0.0
3.82371
-1.658081
0
6101.310059
749.809998
3752.065674
0.0
3.82371
-1.658081
0
6161.151367
748.077759
3756.066895
0.0
3.82371
-1.658081
0
6220.992676
746.34552
3760.068115
0.0
3.82371
-1.658081
0
6280.833984
744.613281
3764.069336
0.0
3.82371
-1.658081
0
6340.675293
742.881042
3768.070557
0.0
3.82371
-1.658081
0
6400.516602
741.148804
3772.071777
0.0
3.82371
-1.658081
0
6460.35791
739.416565
3776.072998
0.0
3.82371
-1.658081
0
6520.199219
737.684326
3780.074219
0.0
3.82371
-1.658081
0
6580.040527
735.952087
3784.075439
0.0
3.82371
-1.658081
0
6639.881836
734.219849
3788.07666
0.0
3.82371
-1.658081
0
6699.723145
732.48761
3792.077881
0.0
3.82371
-1.658081
0
6759.564453
730.755371
3796.079102
0.0
3.82371
-1.658081
0
6819.405762
729.023132
3800.080322
0.0
3.82371
-1.658081
0
6879.24707
727.290894
3804.081543
0.0
3.82371
-1.658081
0
6939.088379
725.558655
3808.082764
0.0
3.82371
-1.658081
0
6998.929688
723.826416
3812.083984
0.0
3.82371
-1.658081
0
7058.770996
722.094177
3816.085205
0.0
3.82371
-1.658081
0
7118.612305
720.361938
3820.086426
0.0
3.82371
-1.658081
0
7178.455566
718.697632
3824.087646
0.0
3.823704
-1.593018
0
7238.303223
717.033203
3828.020752
0.0
3.758646
-1.593018
0
7298.150879
715.368774
3831.953857
0.0
3.758646
-1.593018
0
7357.998535
713.704346
3835.886963
0.0
3.758646
-1.593018
0
7417.846191
712.039917
3839.820068
0.0
3.758646
-1.593018
0
7477.693848
710.375488
3843.753174
0.0
3.758646
-1.593018
0
7537.541504
708.71106
3847.686279
0.0
3.758646
-1.593018
0
7597.38916
707.046631
3851.619385
0.0
3.758646
-1.593018
0
7657.236816
705.382202
3855.55249
0.0
3.758646
-1.593018
0
7717.084473
703.717773
3859.485596
0.0
3.758646
-1.593018
0
7776.932129
702.053345
3863.418701
0.0
3.758646
-1.593018
0
7836.779785
700.388916
3867.351807
0.0
3.758646
-1.593018
0
7896.627441
698.724487
3871.284912
0.0
3.758646
-1.593018
0
7956.475098
697.060059
3875.218018
0.0
3.758646
-1.593018
0
8016.322754
695.39563
3879.151123
0.0
3.758646
-1.593018
0
8076.17041
693.731201
3883.084229
0.0
3.758646
-1.593018
0
8136.018066
692.066772
3887.017334
0.0
3.758646
-1.593018
0
8195.866211
690.402344
3890.950439
0.0
3.758646
-1.593018
0
8255.713867
688.737915
3894.883545
0.0
3.758646
-1.593018
0
8315.561523
687.073486
3898.81665
0.0
3.758646
-1.593018
0
8375.40918
685.409058
3902.749756
0.0
3.758646
-1.593018
0
8435.256836
683.744629
3906.682861
0.0
3.758646
-1.593018
0
8495.108398
682.218079
3910.615967
0.0
3.758639
-1.461029
0
8554.954102
680.824585
3914.687012
0.0
3.890619
-1.333862
0
8614.773438
679.553528
3919.156494
0.0
4.272085
-1.217224
0
8674.584961
678.349304
3923.747803
0.0
4.38871
-1.153381
0
8734.376953
677.21051
3928.605713
0.0
4.64405
-1.091125
0
8794.15332
676.072021
3933.658447
0.0
4.830822
-1.091125
0
8853.916992
674.933777
3938.851807
0.0
4.965445
-1.091125
0
8913.672852
673.939148
3944.16748
0.0
5.082808
-0.953583
0
8973.404297
672.944946
3949.746582
0.0
5.335395
-0.953583
0
9033.135742
671.950745
3955.325684
0.0
5.335395
-0.953583
0
9092.861328
670.956665
3960.974854
0.0
5.402488
-0.953583
0
9152.574219
669.962769
3966.756592
0.0
5.52968
-0.953583
0
9212.275391
669.043518
3972.670654
0.0
5.656619
-0.882172
0
9271.961914
668.124451
3978.726563
0.0
5.792874
-0.882172
0
9331.634766
667.205627
3984.919922
0.0
5.924806
-0.882172
0
9391.294922
666.361755
3991.245361
0.0
6.051527
-0.810394
0
9450.931641
665.518188
3997.785645
0.0
6.257949
-0.810394
0
9510.554688
664.674805
4004.450439
0.0
6.377477
-0.810394
0
9570.178711
663.901855
4011.115234
0.0
6.377477
-0.742737
0
9629.794922
663.129028
4017.850342
0.0
6.445144
-0.742737
0
9689.411133
662.356201
4024.585449
0.0
6.445144
-0.742737
0
9749.027344
661.583374
4031.320557
0.0
6.445144
-0.742737
0
9808.643555
660.810547
4038.055664
0.0
6.445144
-0.742737
0
9868.259766
660.03772
4044.790771
0.0
6.445144
-0.742737
0
9927.875977
659.264893
4051.525879
0.0
6.445144
-0.742737
0
9987.492188
658.492065
4058.260986
0.0
6.445144
-0.742737
0
10047.108398
657.719238
4064.996094
0.0
6.445144
-0.742737
0
10106.724609
656.946411
4071.731201
0.0
6.445144
-0.742737
0
10166.34082
656.173584
4078.466309
0.0
6.445144
-0.742737
0
10225.957031
655.400757
4085.201416
0.0
6.445144
-0.742737
0
10285.573242
654.62793
4091.936523
0.0
6.445144
-0.742737
0
10345.189453
653.855103
4098.671875
0.0
6.445144
-0.742737
0
10404.805664
653.082275
4105.407227
0.0
6.445144
-0.742737
0
10464.421875
652.309448
4112.142578
0.0
6.445144
-0.742737
0
10524.038086
651.536621
4118.87793
0.0
6.445144
-0.742737
0
10583.654297
650.763794
4125.613281
0.0
6.445144
-0.742737
0
10643.270508
649.990967
4132.348633
0.0
6.445144
-0.742737
0
10702.886719
649.21814
4139.083984
0.0
6.445144
-0.742737
0
10762.50293
648.445313
4145.819336
0.0
6.445144
-0.742737
