CloudWH
800
100
800
100
CloudWH
saf
-53364.175781
-26277.435547
-4603.760742
0.0
0.0
82.268425
200.0
0.0
0.0
saf
0
-53461.441406
-27233.173828
-5153.439453
0.0
0.0
85.919937
0
-53457.714844
-27180.957031
-5153.439453
0.0
0.0
85.919937
0
-53449.660156
-27068.013672
-5153.439453
0.0
0.0
85.919937
0
-53441.160156
-26948.851563
-5153.439453
0.0
0.0
85.919937
0
-53432.078125
-26821.542969
-5153.439453
0.0
0.0
85.919937
0
-53422.550781
-26687.978516
-5153.439453
0.0
0.0
85.919937
0
-53413.105469
-26555.585938
-5153.439453
0.0
0.0
85.919937
0
-53403.71875
-26423.974609
-5153.439453
0.0
0.0
85.919937
0
-53394.03125
-26288.154297
-5153.439453
0.0
0.0
85.919937
0
-53384.089844
-26148.800781
-5153.439453
0.0
0.0
85.919937
0
-53374.570313
-26015.337891
-5153.439453
0.0
0.0
85.919937
0
-53364.296875
-25871.302734
-5153.439453
0.0
0.0
85.919937
0
-53354.136719
-25728.890625
-5153.439453
0.0
0.0
85.919937
0
-53344.457031
-25593.181641
-5153.439453
0.0
0.0
85.919937
0
-53334.699219
-25456.398438
-5153.439453
0.0
0.0
85.919937
0
-53325.261719
-25324.078125
-5153.439453
0.0
0.0
85.919937
0
-53315.558594
-25188.068359
-5153.439453
0.0
0.0
85.919937
0
-53306.019531
-25054.324219
-5153.439453
0.0
0.0
85.919937
0
-53296.113281
-24915.435547
-5153.439453
0.0
0.0
85.919937
0
-53286.488281
-24780.511719
-5153.439453
0.0
0.0
85.919937
0
-53276.53125
-24640.917969
-5153.439453
0.0
0.0
85.919937
0
-53266.828125
-24504.867188
-5153.439453
0.0
0.0
85.919937
0
-53257.105469
-24368.580078
-5153.439453
0.0
0.0
85.919937
0
-53247.550781
-24234.607422
-5153.439453
0.0
0.0
85.919937
0
-53237.792969
-24097.828125
-5153.439453
0.0
0.0
85.919937
0
-53228.285156
-23964.511719
-5153.439453
0.0
0.0
85.919937
0
-53218.183594
-23822.914063
-5153.439453
0.0
0.0
85.919937
0
-53208.414063
-23685.951172
-5153.439453
0.0
0.0
85.919937
0
-53198.980469
-23553.705078
-5153.439453
0.0
0.0
85.919937
0
-53189.097656
-23415.169922
-5153.439453
0.0
0.0
85.919937
0
-53179.46875
-23280.199219
-5153.439453
0.0
0.0
85.919937
0
-53169.910156
-23146.183594
-5153.439453
0.0
0.0
85.919937
0
-53160.183594
-23009.828125
-5153.439453
0.0
0.0
85.919937
0
-53150.851563
-22878.984375
-5153.439453
0.0
0.0
85.919937
0
-53141.277344
-22744.783203
-5153.439453
0.0
0.0
85.919937
0
-53131.914063
-22613.529297
-5153.439453
0.0
0.0
85.919937
0
-53122.375
-22479.792969
-5153.439453
0.0
0.0
85.919937
0
-53112.925781
-22347.330078
-5153.439453
0.0
0.0
85.919937
0
-53103.550781
-22215.878906
-5153.439453
0.0
0.0
85.919937
0
-53094.609375
-22090.511719
-5153.439453
0.0
0.0
85.919937
0
-53085.40625
-21961.484375
-5153.439453
0.0
0.0
85.919937
0
-53076.386719
-21835.019531
-5153.439453
0.0
0.0
85.919937
0
-53067.269531
-21707.181641
-5153.439453
0.0
0.0
85.919937
0
-53058.117188
-21578.892578
-5153.439453
0.0
0.0
85.919937
0
-53049.085938
-21452.259766
-5153.439453
0.0
0.0
85.919937
0
-53039.984375
-21324.652344
-5153.439453
0.0
0.0
85.919937
0
-53030.828125
-21196.263672
-5153.439453
0.0
0.0
85.919937
0
-53020.675781
-21053.947266
-5153.439453
0.0
0.0
85.919937
0
-53011.886719
-20930.710938
-5153.439453
0.0
0.0
85.919937
0
-53002.339844
-20796.892578
-5153.439453
0.0
0.0
85.919937
0
-52993.316406
-20670.382813
-5153.439453
0.0
0.0
85.919937
0
-52984.144531
-20541.783203
-5153.439453
0.0
0.0
85.919937
0
-52975.023438
-20413.921875
-5153.439453
0.0
0.0
85.919937
0
-52966.011719
-20287.572266
-5153.439453
0.0
0.0
85.919937
0
-52956.890625
-20159.675781
-5153.439453
0.0
0.0
85.919937
0
-52947.726563
-20031.210938
-5153.439453
0.0
0.0
85.919937
0
-52938.628906
-19903.658203
-5153.439453
0.0
0.0
85.919937
0
-52929.226563
-19771.853516
-5153.439453
0.0
0.0
85.919937
0
-52920.015625
-19642.742188
-5153.439453
0.0
0.0
85.919937
0
-52911.175781
-19518.800781
-5153.439453
0.0
0.0
85.919937
0
-52901.886719
-19388.554688
-5153.439453
0.0
0.0
85.919937
0
-52892.65625
-19259.15625
-5153.439453
0.0
0.0
85.919937
0
-52883.476563
-19130.464844
-5153.439453
0.0
0.0
85.919937
0
-52874.082031
-18998.761719
-5153.439453
0.0
0.0
85.919937
0
-52865.0625
-18872.328125
-5153.439453
0.0
0.0
85.919937
0
-52856.179688
-18747.779297
-5153.439453
0.0
0.0
85.919937
0
-52846.585938
-18613.304688
-5153.439453
0.0
0.0
85.919937
0
-52837.441406
-18485.082031
-5153.439453
0.0
0.0
85.919937
0
-52828.171875
-18355.144531
-5153.439453
0.0
0.0
85.919937
0
-52819.316406
-18231.013672
-5153.439453
0.0
0.0
85.919937
0
-52810.351563
-18105.318359
-5153.439453
0.0
0.0
85.919937
0
-52801.460938
-17980.673828
-5153.439453
0.0
0.0
85.919937
0
-52792.367188
-17853.1875
-5153.439453
0.0
0.0
85.919937
0
-52783.242188
-17725.269531
-5153.439453
0.0
0.0
85.919937
0
-52774.070313
-17596.685547
-5153.439453
0.0
0.0
85.919937
0
-52764.703125
-17465.376953
-5153.439453
0.0
0.0
85.919937
0
-52756.019531
-17343.621094
-5153.439453
0.0
0.0
85.919937
0
-52746.773438
-17213.978516
-5153.439453
0.0
0.0
85.919937
0
-52737.695313
-17086.703125
-5153.439453
0.0
0.0
85.919937
0
-52729.023438
-16965.105469
-5153.439453
0.0
0.0
85.919937
0
-52719.8125
-16836.0
-5153.439453
0.0
0.0
85.919937
0
-52710.761719
-16709.09375
-5153.439453
0.0
0.0
85.919937
0
-52701.578125
-16580.337891
-5153.439453
0.0
0.0
85.919937
0
-52692.347656
-16450.917969
-5153.439453
0.0
0.0
85.919937
0
-52683.136719
-16321.803711
-5153.439453
0.0
0.0
85.919937
0
-52673.585938
-16187.895508
-5153.439453
0.0
0.0
85.919937
0
-52663.550781
-16047.206055
-5153.439453
0.0
0.0
85.919937
0
-52654.695313
-15923.080078
-5153.439453
0.0
0.0
85.919937
0
-52645.644531
-15796.213867
-5153.439453
0.0
0.0
85.919937
0
-52636.382813
-15666.368164
-5153.439453
0.0
0.0
85.919937
0
-52627.601563
-15543.277344
-5153.439453
0.0
0.0
85.919937
0
-52618.46875
-15415.246094
-5153.439453
0.0
0.0
85.919937
0
-52609.175781
-15284.959961
-5153.439453
0.0
0.0
85.919937
0
-52600.027344
-15156.719727
-5153.439453
0.0
0.0
85.919937
0
-52590.796875
-15027.305664
-5153.439453
0.0
0.0
85.919937
0
-52581.585938
-14898.155273
-5153.439453
0.0
0.0
85.919937
0
-52572.664063
-14773.092773
-5153.439453
0.0
0.0
85.919937
0
-52563.035156
-14638.129883
-5153.439453
0.0
0.0
85.919937
0
-52553.90625
-14510.155273
-5153.439453
0.0
0.0
85.919937
0
-52545.167969
-14387.632813
-5153.439453
0.0
0.0
85.919937
0
-52535.941406
-14258.265625
-5153.439453
0.0
0.0
85.919937
0
-52526.742188
-14129.310547
-5153.439453
0.0
0.0
85.919937
0
-52517.980469
-14006.454102
-5153.439453
0.0
0.0
85.919937
0
-52508.632813
-13875.430664
-5153.439453
0.0
0.0
85.919937
0
-52499.710938
-13750.374023
-5153.439453
0.0
0.0
85.919937
0
-52490.785156
-13625.229492
-5153.439453
0.0
0.0
85.919937
0
-52482.074219
-13503.126953
-5153.439453
0.0
0.0
85.919937
0
-52473.203125
-13378.736328
-5153.439453
0.0
0.0
85.919937
0
-52464.222656
-13252.860352
-5153.439453
0.0
0.0
85.919937
0
-52455.117188
-13125.204102
-5153.439453
0.0
0.0
85.919937
0
-52446.191406
-13000.082031
-5153.439453
0.0
0.0
85.919937
0
-52437.285156
-12875.233398
-5153.439453
0.0
0.0
85.919937
0
-52427.90625
-12743.742188
-5153.439453
0.0
0.0
85.919937
0
-52419.300781
-12623.109375
-5153.439453
0.0
0.0
85.919937
0
-52410.140625
-12494.71875
-5153.439453
0.0
0.0
85.919937
0
-52401.238281
-12369.90332
-5153.439453
0.0
0.0
85.919937
0
-52392.539063
-12247.925781
-5153.439453
0.0
0.0
85.919937
0
-52383.597656
-12122.550781
-5153.439453
0.0
0.0
85.919937
0
-52374.503906
-11995.071289
-5153.439453
0.0
0.0
85.919937
0
-52364.480469
-11868.93457
-5153.439453
0.0
0.0
85.456245
0
-52352.566406
-11741.545898
-5153.439453
0.0
0.0
84.656784
0
-52339.253906
-11618.729492
-5153.439453
0.0
0.0
83.812897
0
-52322.421875
-11481.670898
-5153.439453
0.0
0.0
82.998093
0
-52304.101563
-11349.847656
-5153.439453
0.0
0.0
82.087296
0
-52285.484375
-11229.448242
-5153.439453
0.0
0.0
81.209457
0
-52264.296875
-11104.111328
-5153.439453
0.0
0.0
80.405899
0
-52241.445313
-10980.001953
-5153.439453
0.0
0.0
79.567474
0
-52216.445313
-10853.135742
-5153.439453
0.0
0.0
78.852081
0
-52192.007813
-10730.223633
-5153.439453
0.0
0.0
78.754677
0
-52166.816406
-10603.523438
-5153.439453
0.0
0.0
78.754677
0
-52142.195313
-10479.683594
-5153.439453
0.0
0.0
78.754677
0
-52116.582031
-10350.856445
-5153.439453
0.0
0.0
78.754677
0
-52092.417969
-10229.326172
-5153.439453
0.0
0.0
78.754677
0
-52068.148438
-10107.266602
-5153.439453
0.0
0.0
78.754677
0
-52043.671875
-9984.166992
-5153.439453
0.0
0.0
78.754677
0
-52018.539063
-9857.75293
-5153.439453
0.0
0.0
78.754677
0
-51993.789063
-9733.280273
-5153.439453
0.0
0.0
78.754677
0
-51969.429688
-9610.767578
-5153.439453
0.001344
0.0
78.754654
0
-51944.890625
-9487.345703
-5153.439453
0.002667
0.0
78.754631
0
-51921.253906
-9368.466797
-5153.439453
0.004
0.0
78.754608
0
-51894.605469
-9234.436523
-5153.439453
0.005289
0.0
78.754593
0
-51870.707031
-9114.234375
-5153.439453
0.006743
0.0
78.754578
0
-51846.035156
-8990.140625
-5153.439453
0.008046
0.0
78.754555
0
-51820.710938
-8862.774414
-5153.439453
0.009387
0.0
78.754532
0
-51795.585938
-8736.412109
-5153.439453
0.265769
0.0
78.754509
0
-51771.390625
-8614.725586
-5153.439453
0.532717
0.0
78.754478
0
-51747.171875
-8492.914063
-5153.439453
0.789788
0.0
78.754463
0
-51722.292969
-8367.78418
-5153.439453
1.047123
0.0
78.754448
0
-51698.285156
-8247.047852
-5153.439453
1.322879
0.0
78.754417
0
-51673.117188
-8120.466797
-5153.439453
1.588951
0.0
78.754402
0
-51647.253906
-7990.399902
-5153.439453
1.867904
0.0
78.754379
0
-51623.019531
-7868.51416
-5153.439453
2.154539
0.0
78.754364
0
-51598.644531
-7745.924805
-5153.439453
2.423145
0.0
78.754341
0
-51574.109375
-7622.529785
-5153.439453
2.693301
0.0
78.754311
0
-51549.121094
-7496.858887
-5153.439453
2.953982
0.0
78.754311
0
-51524.839844
-7374.748535
-5153.439453
3.206951
0.0
78.75428
0
-51500.179688
-7250.721191
-5153.439453
3.442541
0.0
78.754265
0
-51475.300781
-7125.594238
-5153.439453
3.670519
0.0
78.75425
0
-51450.773438
-7002.237793
-5153.439453
3.900519
0.0
78.754219
0
-51425.441406
-6874.830566
-5153.439453
4.127264
0.0
78.754196
0
-51399.914063
-6746.438965
-5153.439453
4.37205
0.0
78.754181
0
-51374.8125
-6620.203125
-5153.439453
4.608051
0.0
78.754143
0
-51349.566406
-6493.229492
-5153.439453
4.713245
0.0
78.754135
0
-51325.261719
-6370.987305
-5153.439453
4.713245
0.0
78.754135
0
-51299.917969
-6243.518066
-5153.439453
4.713245
0.0
78.754135
0
-51274.953125
-6117.964355
-5153.439453
4.713245
0.0
78.754135
0
-51250.503906
-5994.998047
-5153.439453
4.713245
0.0
78.754135
0
-51224.667969
-5865.061035
-5153.439453
4.713245
0.0
78.754135
0
-51198.109375
-5731.48584
-5153.439453
4.713245
0.0
78.754135
0
-51172.996094
-5605.189453
-5153.439453
4.713245
0.0
78.754135
0
-51148.078125
-5479.874512
-5153.439453
4.577248
0.0
78.75412
0
-51121.964844
-5348.537598
-5153.439453
4.353384
0.0
78.754082
0
-51096.171875
-5218.825684
-5153.439453
3.943899
0.0
78.754066
0
-51071.445313
-5094.476074
-5153.439453
3.447328
0.0
78.754059
0
-51045.972656
-4966.367676
-5153.439453
2.849894
0.0
78.754044
0
-51020.789063
-4839.716309
-5153.439453
2.146251
0.0
78.754021
0
-50995.4375
-4712.211914
-5153.439453
1.439435
0.0
78.754013
0
-50968.914063
-4578.828613
-5153.439453
0.727857
0.0
78.754013
0
-50943.847656
-4452.763184
-5153.439453
-0.043182
0.0
78.753998
0
-50919.128906
-4328.449707
-5153.439453
-0.768982
0.0
78.753975
0
-50893.03125
-4197.203125
-5153.439453
-1.473724
0.0
78.753967
0
-50867.433594
-4068.463379
-5153.439453
-2.496246
0.0
78.753944
0
-50842.191406
-3941.50708
-5153.439453
-3.613038
0.0
78.753906
0
-50817.453125
-3817.090088
-5153.439453
-4.696353
0.0
78.753883
0
-50789.707031
-3677.553223
-5153.439453
-5.757999
0.0
78.753868
0
-50762.972656
-3543.099365
-5153.439453
-6.948676
0.0
78.753845
0
-50729.527344
-3374.906982
-5153.439453
-7.988533
0.0
78.753822
0
-50702.761719
-3240.298096
-5153.439453
-8.871258
0.0
78.753815
0
-50676.804688
-3109.752441
-5153.439453
-9.410443
0.0
78.753799
0
-50651.210938
-2981.04248
-5153.439453
-9.910232
0.0
78.753784
0
-50625.980469
-2854.164063
-5153.439453
-10.402969
0.0
78.753754
0
-50601.1875
-2729.470459
-5153.439453
-10.856735
0.0
78.753738
0
-50576.460938
-2605.117432
-5153.439453
-11.237565
0.0
78.753716
0
-50550.703125
-2475.582275
-5153.439453
-11.596637
0.0
78.7537
0
-50526.214844
-2352.43457
-5153.439453
-11.913776
0.0
78.753685
0
-50499.285156
-2217.007813
-5153.439453
-12.160725
0.0
78.75367
0
-50473.617188
-2087.930664
-5153.439453
-12.30959
0.0
78.753632
0
-50448.125
-1959.730103
-5153.439453
-12.30959
0.0
78.753632
0
-50423.351563
-1834.791748
-5153.749023
-12.309651
-0.139343
78.784035
0
-50398.8125
-1710.395264
-5154.63916
-12.309956
-0.402312
78.841393
0
-50374.429688
-1586.111572
-5156.132813
-12.310535
-0.675567
78.900986
0
-50351.09375
-1466.493652
-5158.150391
-12.311388
-0.948515
78.960533
0
-50326.839844
-1341.505615
-5160.844727
-12.312489
-1.212277
79.018082
0
-50303.125
-1218.572754
-5164.119629
-12.313982
-1.498318
79.080513
0
-50277.882813
-1087.005981
-5168.257813
-12.315692
-1.769347
79.139687
0
-50252.371094
-953.121887
-5173.246094
-12.318134
-2.096096
79.21106
0
-50229.496094
-832.027771
-5178.660156
-12.321826
-2.515593
79.302742
0
-50206.535156
-709.466675
-5184.990234
-12.325886
-2.906218
79.388161
0
-50182.558594
-580.414856
-5192.5625
-12.330585
-3.30157
79.474678
0
-50160.421875
-460.229248
-5200.478027
-12.336018
-3.705958
79.563232
0
-50137.21875
-333.231628
-5209.692871
-12.341632
-4.082609
79.64579
0
-50115.191406
-211.621857
-5219.377441
-12.348166
-4.480679
79.733139
0
-50092.347656
-84.440613
-5230.368652
-12.355
-4.861933
79.816887
0
-50070.199219
39.980042
-5242.027344
-12.362965
-5.270816
79.906815
0
-50047.402344
169.176498
-5255.02832
-12.371143
-5.659488
79.992416
0
-50025.371094
295.179382
-5268.615234
-12.380269
-6.063227
80.081474
0
-50002.847656
425.161133
-5283.54541
-12.389788
-6.457158
80.168465
0
-49981.03125
552.086975
-5298.927734
-12.398851
-6.811064
80.246758
0
-49959.3125
678.711731
-5314.475586
-12.401235
-6.900328
80.266518
0
-49937.914063
803.585876
-5329.904785
-12.402393
-6.943481
80.276054
0
-49916.140625
930.672729
-5345.626953
-12.402637
-6.951964
80.277908
0
-49893.984375
1059.996704
-5361.625488
-12.402637
-6.951964
80.277908
0
-49871.957031
1188.564941
-5377.530762
-12.402637
-6.951964
80.277908
0
-49849.726563
1318.311768
-5393.581543
-12.402637
-6.951964
80.277908
0
-49828.402344
1442.770508
-5408.978516
-12.402637
-6.951964
80.277908
0
-49806.921875
1568.135498
-5424.487305
-12.402637
-6.951964
80.277908
0
-49784.925781
1696.509277
-5440.368652
-12.402637
-6.951964
80.277908
0
-49763.503906
1821.546021
-5455.836914
-12.402637
-6.951964
80.277908
0
-49740.902344
1953.474121
-5472.157715
-12.402637
-6.951964
80.277908
0
-49719.074219
2080.867432
-5487.91748
-12.402637
-6.951964
80.277908
0
-49697.773438
2205.200928
-5503.298828
-12.402637
-6.951964
80.277908
0
-49675.425781
2335.62915
-5519.434082
-12.402637
-6.951964
80.277908
0
-49653.1875
2465.429932
-5535.491699
-12.402637
-6.951964
80.277908
0
-49630.410156
2598.37915
-5551.938965
-12.402637
-6.951964
80.277908
0
-49608.53125
2726.072021
-5567.73584
-12.402637
-6.951964
80.277908
0
-49586.664063
2853.697266
-5583.524414
-12.402637
-6.951964
80.277908
0
-49564.535156
2982.849121
-5599.501953
-12.402637
-6.951964
80.277908
0
-49542.300781
3112.613525
-5615.555176
-12.402637
-6.951964
80.277908
0
-49520.257813
3241.274658
-5631.47168
-12.402637
-6.951964
80.277908
0
-49498.277344
3369.559326
-5647.341797
-12.402637
-6.951964
80.277908
0
-49475.855469
3500.363281
-5663.476074
-12.402118
-6.931638
80.273392
0
-49453.683594
3629.658203
-5679.376465
-12.4016
-6.910976
80.268799
0
-49431.882813
3756.542236
-5694.80127
-12.399523
-6.832033
80.251266
0
-49409.847656
3884.436035
-5710.067383
-12.396321
-6.709103
80.22406
0
-49388.179688
4009.834717
-5724.758301
-12.393178
-6.585238
80.19664
0
-49365.601563
4140.131836
-5739.740234
-12.390154
-6.463769
80.169754
0
-49343.101563
4269.580078
-5754.307129
-12.386799
-6.326476
80.139381
0
-49321.734375
4392.132813
-5767.79834
-12.383531
-6.189544
80.109116
0
-49298.707031
4523.804688
-5781.98877
-12.380511
-6.059942
80.080475
0
-49275.960938
4653.452637
-5795.63916
-12.377338
-5.920681
80.049728
0
-49254.035156
4778.055176
-5808.453613
-12.374288
-5.783599
80.019478
0
-49230.207031
4913.059082
-5822.020996
-12.371418
-5.651886
79.990417
0
-49207.058594
5043.757813
-5834.794434
-12.368122
-5.496977
79.956261
0
-49183.796875
5174.650391
-5847.237305
-12.365006
-5.347013
79.923203
0
-49160.289063
5306.53125
-5859.449219
-12.362232
-5.208702
79.892731
0
-49137.40625
5434.499023
-5870.97998
-12.359483
-5.068786
79.861923
0
-49114.597656
5561.672852
-5882.131348
-12.356894
-4.933015
79.832069
0
-49091.183594
5691.84082
-5893.23291
-12.354388
-4.798126
79.802391
0
-49068.277344
5818.78418
-5903.747559
-12.351918
-4.66006
79.772041
0
-49044.761719
5948.719238
-5914.19873
-12.349567
-4.525444
79.742455
0
-49022.121094
6073.459473
-5923.92627
-12.347247
-4.387659
79.712166
0
-48998.230469
6204.662109
-5933.822754
-12.344897
-4.244081
79.680634
0
-48974.523438
6334.478027
-5943.293457
-12.3427
-4.104984
79.650093
0
-48951.636719
6459.427734
-5952.104492
-12.340594
-3.96793
79.620018
0
-48928.308594
6586.421387
-5960.762207
-12.338643
-3.835998
79.59108
0
-48905.191406
6711.942871
-5969.046875
-12.336902
-3.713772
79.56427
0
-48881.71875
6839.01709
-5977.134766
-12.33507
-3.581273
79.535202
0
-48857.496094
6969.79541
-5985.146484
-12.3333
-3.447114
79.505798
0
-48833.699219
7097.89502
-5992.679688
-12.33153
-3.309049
79.475548
0
-48808.34375
7234.016602
-6000.386719
-12.330038
-3.185791
79.448547
0
-48782.789063
7370.786133
-6007.782715
-12.328358
-3.042692
79.417213
0
-48758.796875
7498.850098
-6014.407227
-12.326861
-2.910583
79.388283
0
-48735.179688
7624.552734
-6020.60791
-12.325426
-2.77542
79.358673
0
-48711.542969
7749.994141
-6026.5
-12.324083
-2.64275
79.32962
0
-48686.808594
7880.895996
-6032.34082
-12.322803
-2.510368
79.300629
0
-48661.949219
8012.05957
-6037.84375
-12.32143
-2.360377
79.267822
0
-48637.871094
8138.729492
-6042.847656
-12.320241
-2.222502
79.237679
0
-48613.527344
8266.466797
-6047.616211
-12.319263
-2.100126
79.21093
0
-48586.710938
8406.828125
-6052.54834
-12.318318
-1.976745
79.183945
0
-48562.191406
8534.770508
-6056.708496
-12.317279
-1.829193
79.151688
0
-48537.390625
8663.797852
-6060.572266
-12.418232
-1.684352
79.120041
0
-48511.582031
8797.626953
-6064.205566
-12.576375
-1.526943
79.085358
0
-48485.777344
8930.987305
-6067.439453
-12.740498
-1.363763
79.04892
0
-48460.296875
9062.230469
-6070.244629
-12.891927
-1.201901
79.012291
0
-48434.980469
9192.202148
-6072.681152
-13.075247
-1.054233
78.978455
0
-48409.742188
9321.348633
-6074.740723
-13.403765
-0.89666
78.941833
0
-48384.3125
9451.016602
-6076.448242
-13.741536
-0.74029
78.904556
0
-48358.183594
9583.791992
-6077.826172
-14.0808
-0.583496
78.866211
0
-48331.652344
9718.105469
-6078.837402
-14.451468
-0.423158
78.825974
0
-48305.144531
9851.793945
-6079.460449
-14.83672
-0.261869
78.784378
0
-48278.371094
9986.301758
-6079.703613
-15.220326
-0.101599
78.741898
0
-48252.585938
10115.320313
-6079.565918
-15.59633
0.060044
78.697914
0
-48226.070313
10247.520508
-6079.086914
-15.95714
0.203615
78.657829
0
-48200.296875
10375.515625
-6078.288086
-16.327013
0.350484
78.615829
0
-48172.539063
10512.786133
-6077.030273
-16.685347
0.5146
78.567734
0
-48146.6875
10640.023438
-6075.46582
-17.069902
0.690327
78.515053
0
-48120.164063
10769.985352
-6073.491211
-17.426584
0.852913
78.465096
0
-48090.359375
10915.354492
-6070.852539
-17.791113
1.018689
78.41304
0
-48064.679688
11039.980469
-6068.206543
-18.186319
1.191287
78.357628
0
-48038.390625
11167.030273
-6065.173828
-18.525366
1.33897
78.309074
0
-48010.445313
11301.481445
-6061.603516
-18.871252
1.489254
78.258667
0
-47983.746094
11429.333984
-6057.845703
-19.249361
1.648022
78.204361
0
-47957.082031
11556.427734
-6053.767578
-19.597931
1.798676
78.151688
0
-47929.628906
11686.689453
-6049.239258
-19.9447
1.948175
78.098427
0
-47902.210938
11816.15625
-6044.384277
-20.300379
2.101103
78.042854
0
-47875.214844
11943.023438
-6039.281738
-20.654167
2.252794
77.986679
0
-47846.402344
12077.772461
-6033.503906
-21.001152
2.401139
77.930695
0
-47817.746094
12211.154297
-6027.435547
-21.393427
2.547012
77.874611
0
-47789.953125
12339.902344
-6021.244629
-21.781996
2.69106
77.818092
0
-47762.605469
12465.988281
-6014.867188
-22.157394
2.829775
77.762558
0
-47734.550781
12594.741211
-6008.041016
-22.525312
2.965299
77.707253
0
-47704.898438
12730.175781
-6000.523926
-22.901318
3.103385
77.649887
0
-47677.140625
12856.306641
-5993.194336
-23.309002
3.248281
77.58857
0
-47648.527344
12985.703125
-5985.36084
-23.689003
3.382869
77.530457
0
-47618.90625
13118.94043
-5976.937988
-24.068182
3.531351
77.465157
0
-47589.765625
13249.268555
-5968.339844
-24.459026
3.683849
77.396866
0
-47560.867188
13377.802734
-5959.51416
-24.841717
3.832624
77.32901
0
-47531.765625
13506.533203
-5950.333984
-25.219549
3.978967
77.261063
0
-47502.097656
13637.025391
-5940.682617
-25.598362
4.12514
77.192001
0
-47471.488281
13771.014648
-5930.465332
-25.982035
4.251403
77.131317
0
-47442.125
13898.887695
-5920.413086
-26.389723
4.381218
77.067841
0
-47412.445313
14027.518555
-5910.013672
-26.777601
4.504223
77.006584
0
-47381.402344
14161.382813
-5898.890625
-27.179424
4.62759
76.944099
0
-47351.199219
14290.942383
-5887.823242
-27.598013
4.75558
76.878143
0
-47319.738281
14425.273438
-5876.071777
-28.003071
4.868579
76.81884
0
-47289.695313
14552.867188
-5864.612305
-28.447594
4.996167
76.750717
0
-47259.730469
14679.480469
-5852.961426
-28.892672
5.116904
76.68502
0
-47228.511719
14810.708008
-5840.599609
-29.334749
5.236262
76.618851
0
-47196.773438
14943.404297
-5827.799805
-29.804939
5.359499
76.549263
0
-47166.289063
15070.171875
-5815.283203
-30.31599
5.48359
76.477837
0
-47135.46875
15197.658203
-5802.42041
-30.802773
5.601124
76.40876
0
-47104.023438
15327.032227
-5789.085938
-31.29475
5.719252
76.337952
0
-47071.417969
15460.424805
-5775.043945
-31.817308
5.838575
76.265022
0
-47040.375
15586.701172
-5761.467285
-32.342819
5.960494
76.18895
0
-47007.074219
15721.425781
-5746.695313
-32.842789
6.07576
76.115494
0
-46974.796875
15851.234375
-5732.168457
-33.376785
6.198123
76.036018
0
-46941.921875
15982.613281
-5717.15625
-33.881115
6.325404
75.951614
0
-46910.539063
16107.230469
-5702.620117
-34.392193
6.453545
75.864998
0
-46877.917969
16235.97168
-5687.313477
-34.877571
6.574446
75.78167
0
-46845.121094
16364.582031
-5671.724609
-35.379604
6.698687
75.694435
0
-46811.996094
16493.652344
-5655.783203
-35.573853
6.822123
75.606117
0
-46779.523438
16619.425781
-5639.97998
-35.58371
6.936494
75.523689
0
-46745.617188
16750.0
-5623.30127
-35.593502
7.04799
75.443275
0
-46710.128906
16885.853516
-5605.654297
-35.60379
7.163338
75.360008
0
-46676.082031
17015.382813
-5588.535645
-35.614746
7.283891
75.272957
0
-46643.089844
17140.162109
-5571.775391
-35.625362
7.398891
75.18985
0
-46608.007813
17272.099609
-5553.77832
-35.635738
7.509731
75.109703
0
-46573.445313
17401.314453
-5535.865723
-35.646976
7.627463
75.024513
0
-46539.273438
17528.248047
-5517.968262
-35.659145
7.753207
74.933472
0
-46504.503906
17656.542969
-5499.553223
-35.672398
7.887523
74.836159
0
-46472.160156
17775.138672
-5482.24707
-35.685024
8.013526
74.744781
0
-46436.570313
17904.457031
-5463.165527
-35.703499
8.096861
74.612503
0
-46400.160156
18035.314453
-5443.615234
-35.582706
8.190489
74.450661
0
-46365.804688
18157.417969
-5425.141113
-35.375008
8.28646
74.285561
0
-46330.941406
18280.046875
-5406.40625
-35.249855
8.360022
74.129501
0
-46295.328125
18404.097656
-5387.253418
-35.271248
8.441075
73.98243
0
-46259.53125
18527.496094
-5368.013672
-35.294563
8.516234
73.823647
0
-46224.707031
18646.34375
-5349.266602
-35.317696
8.607862
73.667694
0
-46188.347656
18769.28125
-5329.679199
-35.339214
8.686798
73.523941
0
-46152.339844
18889.875
-5310.266602
-35.361698
8.76848
73.375053
0
-46114.753906
19014.542969
-5289.974609
-35.384953
8.857751
73.222572
0
-46076.796875
19139.251953
-5269.466309
-35.302341
8.940628
73.071136
0
-46039.671875
19260.080078
-5249.39209
-35.219826
9.023841
72.919579
0
-46001.351563
19383.664063
-5228.65625
-35.139992
9.104751
72.772667
0
-45964.179688
19502.447266
-5208.524414
-35.058449
9.187799
72.622345
0
-45926.070313
19623.148438
-5187.870117
-34.980175
9.267903
72.477798
0
-45886.304688
19747.908203
-5166.32666
-35.005409
9.342872
72.321121
0
-45846.660156
19871.083984
-5144.857422
-35.031742
9.420367
72.15892
0
-45808.097656
19989.751953
-5123.984375
-35.057987
9.496879
71.99852
0
-45767.511719
20113.515625
-5102.023438
-35.08353
9.570624
71.843765
0
-45724.78125
20242.583984
-5078.911621
-35.110416
9.647532
71.682106
0
-45683.875
20364.939453
-5056.794922
-34.979221
9.727746
71.513214
0
-45643.246094
20485.365234
-5034.793945
-34.77372
9.820924
71.356071
0
-45603.082031
20603.332031
-5013.051758
-34.560532
9.896875
71.198486
0
-45562.34375
20721.941406
-4991.001953
-34.351627
9.971932
71.044212
0
-45521.273438
20840.40625
-4968.800293
-34.143169
10.041464
70.87941
0
-45479.121094
20960.873047
-4946.039551
-33.934891
10.111589
70.714828
0
-45435.671875
21083.892578
-4922.603516
-33.734394
10.183586
70.547501
0
-45393.316406
21202.484375
-4899.860352
-33.534927
10.237524
70.345833
0
-45347.976563
21328.035156
-4875.601563
-33.354969
10.300007
70.144745
0
-45302.550781
21452.447266
-4851.355469
-33.149738
10.374039
69.941383
0
-45257.742188
21573.820313
-4827.537598
-32.947712
10.43088
69.737
0
-45214.324219
21690.134766
-4804.533203
-32.751698
10.497181
69.530815
0
-45170.957031
21805.136719
-4781.638184
-32.550682
10.55202
69.338669
0
-45125.210938
21925.132813
-4757.580566
-32.354721
10.610473
69.132454
0
-45080.691406
22040.613281
-4734.256836
-32.150131
10.672266
68.917122
0
-45035.132813
22157.519531
-4710.475098
-31.964226
10.73257
68.709724
0
-44988.515625
22275.964844
-4686.214844
-31.738911
10.790653
68.516052
0
-44941.152344
22395.064453
-4661.624512
-31.44286
10.860451
68.313332
0
-44891.417969
22518.841797
-4635.859863
-31.167927
10.931786
68.109505
0
-44843.664063
22636.492188
-4611.147949
-31.072338
11.013502
67.908493
0
-44795.394531
22754.167969
-4586.241211
-31.112774
11.079366
67.69648
0
-44745.65625
22874.316406
-4560.617188
-31.14839
11.147332
67.510971
0
-44696.507813
22991.873047
-4535.36377
-31.187086
11.210416
67.310555
0
-44646.164063
23111.136719
-4509.561523
-31.225233
11.272106
67.114075
0
-44595.578125
23229.8125
-4483.702148
-31.264236
11.334678
66.914291
0
-44546.542969
23343.751953
-4458.697754
-31.303329
11.396908
66.715088
0
-44496.488281
23458.996094
-4433.233887
-31.341141
11.456624
66.523415
0
-44445.015625
23576.355469
-4407.13623
-31.381702
11.510883
66.318916
0
-44393.515625
23692.626953
-4381.11084
-31.423264
11.566078
66.110214
0
-44339.902344
23812.501953
-4354.105469
-31.464733
11.620712
65.903
0
-44287.59375
23928.294922
-4327.846191
-31.507767
11.677
65.688881
0
-44235.199219
24043.224609
-4301.602051
-31.547569
11.737536
65.491959
0
-44182.085938
24158.679688
-4275.058105
-31.587355
11.797594
65.296043
0
-44128.351563
24274.431641
-4248.263184
-31.627613
11.857904
65.098801
0
-44074.132813
24390.181641
-4221.284668
-31.668293
11.918351
64.900627
0
-44020.433594
24503.792969
-4194.622559
-31.709248
11.978758
64.701988
0
-43963.242188
24623.734375
-4166.285645
-31.749743
12.038031
64.506569
0
-43907.941406
24738.642578
-4138.945313
-31.792801
12.100574
64.299789
0
-43852.554688
24852.714844
-4111.619629
-31.83437
12.160468
64.101212
0
-43796.488281
24967.177734
-4084.016113
-31.875935
12.219897
63.90361
0
-43739.984375
25081.529297
-4056.253418
-31.917961
12.279505
63.704865
0
-43683.742188
25194.365234
-4028.674316
-31.960222
12.339029
63.505825
0
-43626.71875
25307.785156
-4000.768555
-32.002247
12.397728
63.308952
0
-43569.5625
25420.5
-3972.851074
-32.044788
12.456714
63.110596
0
-43513.789063
25529.550781
-3945.662354
-32.08736
12.515304
62.913006
0
-43450.710938
25651.876953
-3914.968262
-32.128834
12.571959
62.721352
0
-43390.882813
25766.902344
-3885.955078
-32.172569
12.613474
62.520046
0
-43334.042969
25875.351563
-3858.454102
-32.211632
12.658936
62.340881
0
-43274.984375
25987.234375
-3829.938965
-32.24868
12.701775
62.171589
0
-43214.953125
26100.203125
-3801.009766
-32.283371
12.742188
62.01355
0
-43157.578125
26207.371094
-3773.421387
-32.322369
12.786728
61.836487
0
-43097.757813
26318.271484
-3744.740967
-32.361774
12.82284
61.658264
0
-43037.886719
26428.417969
-3716.119873
-32.402729
12.860152
61.473442
0
-42978.355469
26537.103516
-3687.744873
-32.44363
12.897152
61.289448
0
-42911.898438
26657.527344
-3656.158203
-32.484146
12.933604
61.107506
0
-42853.972656
26761.623047
-3628.712646
-32.529282
12.973923
60.905476
0
-42792.957031
26870.486328
-3599.881348
-32.568523
13.008723
60.730419
0
-42730.5625
26980.976563
-3570.481201
-32.609764
13.045059
60.546951
0
-42668.703125
27089.695313
-3541.414551
-32.651814
13.081882
60.360317
0
-42605.46875
27200.0
-3511.785156
-32.693413
13.11804
60.176239
0
-42542.722656
27308.628906
-3482.466064
-32.735832
13.154684
59.989071
0
-42479.464844
27417.332031
-3452.98877
-32.777817
13.1907
59.804295
0
-42416.347656
27524.990234
-3423.656738
-32.820026
13.226688
59.618984
0
-42347.75
27641.142578
-3391.862549
-32.862053
13.262266
59.43502
0
-42285.980469
27744.908203
-3363.31543
-32.907612
13.300584
59.236057
0
-42223.242188
27849.560547
-3334.393311
-32.948532
13.334755
59.057869
0
-42161.253906
27952.226563
-3305.890625
-32.990009
13.369165
58.87775
0
-42096.011719
28059.533203
-3275.965576
-33.030903
13.402859
58.700638
0
-42030.160156
28167.058594
-3245.838867
-33.073841
13.438034
58.515087
0
-41964.75
28273.160156
-3215.984863
-33.112965
13.469522
58.346424
0
-41896.375
28383.365234
-3184.807129
-33.151108
13.517108
58.182457
0
-41830.429688
28488.951172
-3154.76709
-33.190968
13.566504
58.011765
0
-41763.671875
28595.154297
-3124.387451
-33.229389
13.613823
57.847805
0
-41694.816406
28704.0
-3093.082031
-33.268269
13.661409
57.682514
0
-41627.871094
28809.132813
-3062.675537
-33.308338
13.71017
57.512661
0
-41560.472656
28914.310547
-3032.091309
-33.347275
13.757243
57.348206
0
-41492.652344
29019.480469
-3001.343506
-33.386459
13.804331
57.183281
0
-41422.941406
29126.896484
-2969.768555
-33.425865
13.851391
57.017963
0
-41354.640625
29231.533203
-2938.956055
-33.4622
13.852142
56.865822
0
-41286.132813
29335.921875
-2908.286865
-33.496048
13.800171
56.724049
0
-41215.9375
29442.306641
-2877.102783
-33.529739
13.748173
56.582478
0
-41149.464844
29542.566406
-2847.797119
-33.559898
13.691647
56.455246
0
-41069.125
29663.191406
-2812.632568
-33.588245
13.638247
56.335243
0
-40999.828125
29766.357422
-2782.811768
-33.64098
13.493045
56.110523
0
-40930.46875
29868.988281
-2753.328857
-33.678696
13.38801
55.948338
0
-40856.550781
29977.701172
-2722.292969
-33.715965
13.283276
55.786903
0
-40786.3125
30079.976563
-2693.398193
-33.776844
13.109858
55.520287
0
-40716.527344
30180.644531
-2665.240479
-33.833458
12.946063
55.269184
0
-40647.269531
30279.632813
-2637.827881
-33.888565
12.784222
55.021774
0
-40572.574219
30385.435547
-2608.820068
-33.94215
12.62447
54.778225
0
-40500.96875
30485.734375
-2581.666992
-34.007671
12.42578
54.476177
0
-40420.898438
30596.710938
-2551.988525
-34.068928
12.236556
54.18943
0
-40346.742188
30698.296875
-2525.19458
-34.135696
12.026235
53.871723
0
-40272.175781
30799.365234
-2498.880615
-34.195934
11.832763
53.580391
0
-40196.867188
30900.365234
-2472.929199
-34.255013
11.639414
53.2901
0
-40119.949219
31002.4375
-2447.053223
-34.313179
11.445307
52.999512
0
-40041.0
31106.169922
-2421.095215
-34.367107
11.261806
52.725571
0
-39965.699219
31204.117188
-2396.911621
-34.420906
11.075281
52.447845
0
-39889.277344
31302.583984
-2372.912842
-34.470989
10.898379
52.185131
0
-39809.503906
31404.398438
-2348.426758
-34.520607
10.719783
51.92057
0
-39726.09375
31509.8125
-2323.429688
-34.571182
10.534344
51.646534
0
-39647.699219
31607.884766
-2300.518799
-34.622688
10.341486
51.362244
0
-39569.480469
31704.8125
-2278.195557
-34.669872
10.161224
51.097191
0
-39489.394531
31803.128906
-2255.876465
-34.715794
9.982314
50.834705
0
-39407.480469
31902.740234
-2233.599854
-34.761639
9.800044
50.567905
0
-39325.070313
32002.097656
-2211.685547
-34.802311
9.635101
50.326984
0
-39242.261719
32100.947266
-2190.239258
-34.848824
9.442517
50.04628
0
-39159.296875
32199.007813
-2169.319824
-34.894295
9.250009
49.766331
0
-39073.433594
32299.640625
-2148.165527
-34.93235
9.085442
49.527508
0
-38987.617188
32399.53125
-2127.421631
-34.962772
8.951584
49.333557
0
-38904.515625
32495.640625
-2107.695313
-34.991043
8.825226
49.150753
0
-38818.886719
32594.087891
-2087.706299
-35.016426
8.709987
48.984253
0
-38731.960938
32693.427734
-2067.762939
-35.042126
8.591613
48.813427
0
-38647.351563
32789.535156
-2048.690918
-35.067753
8.471825
48.640766
0
-38558.699219
32889.648438
-2029.050293
-35.092232
8.355575
48.473434
0
-38471.859375
32987.113281
-2010.15979
-35.117435
8.234141
48.298836
0
-38386.304688
33082.628906
-1991.842529
-35.138836
8.129448
48.148476
0
-38299.480469
33178.960938
-1973.602539
-35.163673
8.006149
47.9716
0
-38206.636719
33281.363281
-1954.452271
-35.187107
7.887796
47.802017
0
-38113.457031
33383.527344
-1935.585815
-35.210182
7.769517
47.632744
0
-38026.113281
33478.6875
-1918.251953
-35.234375
7.643261
47.452236
0
-37937.886719
33574.277344
-1901.050659
-35.255222
7.532667
47.294331
0
-37849.242188
33669.789063
-1884.077271
-35.275925
7.421267
47.135429
0
-37760.761719
33764.558594
-1867.462036
-35.297581
7.302667
46.966438
0
-37671.75
33859.339844
-1851.071533
-35.318756
7.184628
46.798428
0
-37584.203125
33951.949219
-1835.306641
-35.342133
7.051869
46.609699
0
-37494.035156
34046.75
-1819.408081
-35.363468
6.928523
46.434528
0
-37399.460938
34145.5625
-1803.092285
-35.384861
6.802376
46.255589
0
-37311.738281
34236.652344
-1788.286133
-35.405582
6.677725
46.078941
0
-37222.046875
34329.257813
-1773.455078
-35.424419
6.562445
45.915768
0
-37130.117188
34423.722656
-1758.517212
-35.439976
6.465497
45.778664
0
-37036.078125
34519.851563
-1743.529785
-35.456726
6.35937
45.628681
0
-36945.082031
34612.335938
-1729.335205
-35.474705
6.243448
45.464996
0
-36853.542969
34704.925781
-1715.31543
-35.489563
6.145831
45.327255
0
-36763.335938
34795.699219
-1701.772583
-35.505253
6.04094
45.179359
0
-36671.261719
34887.882813
-1688.221436
-35.520424
5.937825
45.034069
0
-36574.855469
34984.039063
-1674.244995
-35.531586
5.860596
44.925297
0
-36481.484375
35076.863281
-1660.88501
-35.54108
5.794145
44.831768
0
-36388.597656
35168.820313
-1647.818604
-35.553131
5.708733
44.711613
0
-36295.226563
35260.902344
-1634.888306
-35.563904
5.631224
44.602615
0
-36204.210938
35350.324219
-1622.482422
-35.574558
5.553449
44.49332
0
-36111.308594
35441.257813
-1610.015869
-35.584785
5.477764
44.387012
0
-36015.699219
35534.488281
-1597.391235
-35.595036
5.400637
44.278767
0
-35912.195313
35635.027344
-1583.95105
-35.605404
5.321414
44.167587
0
-35806.761719
35736.84375
-1570.407593
-35.620792
5.279237
43.999977
0
-35701.878906
35837.605469
-1557.038452
-35.634338
5.251965
43.851631
0
-35608.277344
35927.0
-1545.237671
-35.649628
5.209372
43.682751
0
-35515.507813
36015.054688
-1533.671265
-35.665489
5.167188
43.506184
0
-35418.335938
36106.714844
-1521.728638
-35.681332
5.108906
43.328331
0
-35321.621094
36197.421875
-1509.9823
-35.695892
5.062488
43.1633
0
-35224.480469
36288.015625
-1498.283569
-35.710022
5.033235
43.001743
0
-35127.0
36378.433594
-1486.664795
-35.723419
4.994138
42.847687
0
-35033.480469
36464.742188
-1475.616211
-35.735897
4.961955
42.702805
0
-34939.691406
36550.886719
-1464.592285
-35.747524
4.947468
42.567383
0
-34836.960938
36644.734375
-1452.616577
-35.76078
4.919232
42.412296
0
-34736.457031
36736.039063
-1440.985352
-35.774227
4.8959
42.25391
0
-34640.71875
36822.542969
-1429.984863
-35.787289
4.873094
42.099358
0
-34542.203125
36911.007813
-1418.795166
-35.802059
4.830644
41.923634
0
-34443.511719
36998.578125
-1408.048218
-35.830051
4.656652
41.582832
0
-34343.3125
37086.425781
-1397.601807
-35.856987
4.482448
41.242073
0
-34244.675781
37171.894531
-1387.755859
-35.88232
4.314227
40.909462
0
-34145.679688
37256.71875
-1378.283569
-35.905571
4.155712
40.592278
0
-34048.417969
37339.082031
-1369.371338
-35.929066
3.999943
40.258904
0
-33945.433594
37425.21875
-1360.212891
-35.952759
3.902326
39.909542
0
-33847.445313
37506.066406
-1351.770508
-35.978149
3.802072
39.524498
0
-33747.007813
37587.851563
-1343.320313
-36.001892
3.732719
39.155979
0
-33641.75
37672.363281
-1334.714111
-36.026756
3.647949
38.761173
0
-33538.425781
37754.105469
-1326.519653
-36.052155
3.559088
38.348152
0
-33434.5
37835.175781
-1318.505127
-36.075649
3.479605
37.956539
0
-33332.214844
37913.851563
-1310.800781
-36.098503
3.41674
37.567486
0
-33232.457031
37989.507813
-1303.476318
-36.120991
3.348111
37.177155
0
-33126.84375
38068.160156
-1295.674438
-36.149349
3.39067
36.675957
0
-33020.367188
38146.140625
-1287.358643
-36.176323
3.605431
36.218246
0
-32911.648438
38224.425781
-1278.410034
-36.205219
3.821381
35.75732
0
-32804.257813
38300.410156
-1269.136475
-36.236816
4.032222
35.281025
0
-32698.242188
38374.15625
-1259.548096
-36.268944
4.246219
34.822769
0
-32590.859375
38447.625
-1249.43042
-36.301659
4.446501
34.379608
0
-32485.365234
38518.574219
-1239.109985
-36.336876
4.640984
33.923088
0
-32377.808594
38589.449219
-1228.341797
-36.37991
4.778701
33.382885
0
-32268.080078
38660.207031
-1217.139648
-36.426292
4.903802
32.816162
0
-32156.326172
38730.832031
-1205.422119
-36.470573
5.065172
32.291965
0
-32044.820313
38799.902344
-1193.424683
-36.515675
5.226222
31.775724
0
-31930.558594
38869.226563
-1180.818848
-36.563377
5.388234
31.246166
0
-31818.708984
38935.65625
-1168.171387
-36.613522
5.552896
30.706135
0
-31705.873047
39001.25
-1155.171387
-36.664722
5.688209
30.170147
0
-31591.957031
39066.046875
-1141.805054
-36.717365
5.823508
29.632023
0
-31478.654297
39129.082031
-1128.270386
-36.771774
5.959456
29.089071
0
-31361.896484
39192.648438
-1114.023682
-36.825584
6.116796
28.565685
0
-31244.693359
39255.160156
-1099.364014
-36.877731
6.297844
28.073214
0
-31130.597656
39314.746094
-1084.727173
-36.932056
6.487422
27.57523
0
-31014.460938
39374.128906
-1069.48645
-36.987598
6.664386
27.080627
0
-30883.943359
39439.398438
-1051.992432
-37.04652
6.835988
26.569138
0
-30767.496094
39496.136719
-1036.063477
-37.116287
7.010485
25.977127
0
-30650.640625
39551.792969
-1019.758484
-37.177994
7.179881
25.468046
0
-30533.292969
39606.390625
-1003.084839
-37.242081
7.340773
24.951361
0
-30411.658203
39661.742188
-985.458069
-37.303478
7.513966
24.468163
0
-30291.578125
39714.984375
-967.780579
-37.375591
7.664756
23.911566
0
-30175.166016
39765.300781
-950.365173
-37.446453
7.819057
23.375816
0
-30056.769531
39815.132813
-932.47168
-37.520493
7.930136
22.825565
0
-29937.857422
39863.875
-914.282166
-37.593826
8.055914
22.288956
0
-29812.367188
39913.890625
-894.89447
-37.671246
8.167109
21.730425
0
-29693.466797
39959.832031
-876.372864
-37.756115
8.267466
21.125296
0
-29569.570313
40006.292969
-856.885376
-37.837078
8.377964
20.556
0
-29444.125
40051.832031
-836.976501
-37.923992
8.484734
19.952257
0
-29316.796875
40096.585938
-816.549927
-38.009712
8.606291
19.36499
0
-29193.871094
40138.363281
-796.617188
-38.097725
8.728367
18.770517
0
-29068.662109
40179.566406
-776.110352
-38.18119
8.842881
18.215172
0
-28942.056641
40220.167969
-755.166077
-38.247654
8.952083
17.779896
0
-28820.664063
40258.449219
-735.008606
-38.290474
8.998795
17.503176
0
-28690.347656
40298.898438
-713.35437
-38.330784
9.017564
17.243643
0
-28567.830078
40336.320313
-692.942871
-38.371048
9.053101
16.985346
0
-28444.685547
40373.367188
-672.33783
-38.408913
9.10318
16.74365
0
-28323.402344
40409.308594
-652.014709
-38.446209
9.127168
16.506552
0
-28194.476563
40446.945313
-630.380615
-38.483006
9.150616
16.273273
0
-28068.671875
40483.085938
-609.197571
-38.521893
9.19282
16.027552
0
-27944.847656
40518.074219
-588.296814
-38.56147
9.226246
15.778399
0
-27818.998047
40553.074219
-567.024231
-38.599159
9.249537
15.541908
0
-27697.09375
40586.425781
-546.388855
-38.637703
9.273129
15.300791
0
-27570.849609
40620.414063
-524.989502
-38.674934
9.295703
15.068409
0
-27448.845703
40652.710938
-504.279755
-38.713539
9.318905
14.827972
0
-27324.386719
40685.121094
-483.12439
-38.750919
9.341144
14.595832
0
-27196.65625
40717.820313
-461.38269
-38.789101
9.363656
14.359225
0
-27071.376953
40749.28125
-440.065369
-38.831581
9.371361
14.096325
0
-26944.640625
40780.5
-418.506744
-38.873241
9.378723
13.838757
0
-26818.996094
40810.828125
-397.119751
-38.916634
9.395382
13.570769
0
-26690.861328
40841.152344
-375.315918
-38.958263
9.402342
13.314046
0
-26569.779297
40869.203125
-354.736633
-39.002235
9.401523
13.042842
0
-26427.521484
40901.53125
-330.588318
-39.041122
9.398954
12.803279
0
-26302.931641
40929.199219
-309.470062
-39.086857
9.395717
12.520935
0
-26177.412109
40956.507813
-288.221191
-39.126751
9.392712
12.274953
0
-26052.681641
40983.0625
-267.112183
-39.168282
9.398736
12.018739
0
-25924.458984
41009.769531
-245.41893
-39.209389
9.404501
11.765408
0
-25795.269531
41036.042969
-223.588104
-39.253155
9.40252
11.495642
0
-25667.9375
41061.332031
-202.077896
-39.295639
9.408087
11.23374
0
-25542.666016
41085.589844
-180.919846
-39.340282
9.414999
10.958654
0
-25415.970703
41109.539063
-159.527878
-39.381477
9.420019
10.705137
0
-25276.380859
41135.28125
-135.965759
-39.423138
9.424902
10.448947
0
-25150.828125
41157.792969
-114.780121
-39.469154
9.430107
10.16574
0
-25025.681641
41179.664063
-93.669441
-39.510414
9.43456
9.91227
0
-24896.896484
41201.585938
-71.951462
-39.551525
9.438815
9.659813
0
-24768.40625
41222.832031
-50.308777
-39.595505
9.435237
9.389587
0
-24641.728516
41243.167969
-28.996494
-39.639339
9.431466
9.120207
0
-24511.056641
41263.527344
-7.037525
-39.68232
9.427573
8.855926
0
-24379.724609
41283.375
15.025724
-39.725079
9.431227
8.593119
0
-24250.140625
41302.34375
36.788452
-39.768204
9.434717
8.328073
0
-24114.019531
41321.636719
59.641953
-39.810741
9.437962
8.066727
0
-23987.380859
41338.929688
80.899277
-39.8582
9.442688
7.775292
0
-23862.169922
41355.40625
101.933319
-39.90361
9.456
7.4966
0
-23735.212891
41371.53125
123.274628
-39.94582
9.467468
7.237992
0
-23607.652344
41387.140625
144.731613
-39.988636
9.478902
6.975903
0
-23474.558594
41402.785156
167.115128
-40.033199
9.482481
6.703403
0
-23345.251953
41417.371094
188.854935
-40.07695
9.484591
6.435891
0
-23214.460938
41431.679688
211.009338
-40.108665
9.55794
6.24321
0
-23086.089844
41445.214844
232.82164
-40.145832
9.591184
6.018338
0
-22951.492188
41458.882813
255.76149
-40.182301
9.623531
5.798558
0
-22821.582031
41471.550781
278.013916
-40.220448
9.67488
5.569635
0
-22697.818359
41483.15625
299.295837
-40.25613
9.71509
5.356574
0
-22563.083984
41495.265625
322.552521
-40.293148
9.754766
5.136276
0
-22433.130859
41506.421875
345.095276
-40.331844
9.805693
4.907094
0
-22300.337891
41517.304688
368.240875
-40.369526
9.854856
4.685112
0
-22170.417969
41527.4375
390.995636
-40.408073
9.904737
4.459182
0
-22043.574219
41536.855469
413.295532
-40.444599
9.944222
4.246037
0
-21915.734375
41545.859375
435.873993
-40.481899
9.991754
4.029288
0
-21776.097656
41555.179688
460.627228
-40.518341
10.030487
3.818647
0
-21643.835938
41563.433594
484.169983
-40.561302
10.073879
3.570965
0
-21518.539063
41570.777344
506.557617
-40.599144
10.113481
3.353881
0
-21391.199219
41577.78125
529.391724
-40.635281
10.151013
3.147353
0
-21263.953125
41584.3125
552.330078
-40.671963
10.205716
2.93871
0
-21135.945313
41590.410156
575.489319
-40.709164
10.243719
2.728017
0
-21018.59375
41595.664063
596.718811
-40.738403
10.244177
2.562956
0
-20964.285156
41598.003906
606.464417
-40.755161
10.16399
2.468395
0
-20958.460938
41598.253906
607.50946
-40.755161
10.16399
2.468395
0
-20957.464844
41598.296875
607.688354
-40.755161
10.16399
2.468395
0
-20934.320313
41599.292969
611.841736
-40.755161
10.16399
2.468395
0
-20884.912109
41601.421875
620.707825
-40.755161
10.16399
2.468395
0
-20822.728516
41604.101563
631.866577
-40.755161
10.16399
2.468395
0
-20758.130859
41606.886719
643.458374
-40.755161
10.16399
2.468395
0
-20695.681641
41609.578125
654.664795
-40.214378
10.16399
2.468396
0
-20619.248047
41612.875
668.380554
-39.421429
10.16399
2.468396
0
-20533.638672
41616.566406
683.74292
-38.575901
10.16399
2.468396
0
-20435.115234
41620.8125
701.422729
-37.740673
10.16399
2.468396
0
-20329.435547
41625.367188
720.386536
-36.876083
10.16399
2.468397
0
-20215.509766
41630.277344
740.830139
-36.046104
10.16399
2.468398
0
-20102.253906
41635.160156
761.153564
-35.181644
10.16399
2.468399
0
-19989.123047
41640.035156
781.454346
-34.350174
10.16399
2.468399
0
-19874.777344
41644.964844
801.973328
-33.709618
10.16399
2.468399
0
-19756.429688
41650.066406
823.210327
-33.080009
10.16399
2.468399
0
-19636.611328
41655.230469
844.711243
-32.422474
10.16399
2.4684
0
-19522.111328
41660.167969
865.257813
-32.161243
10.16399
2.4684
0
-19396.621094
41665.578125
887.776367
-32.161243
10.16399
2.4684
0
-19279.798828
41670.613281
908.739746
-32.161243
10.16399
2.4684
0
-19157.189453
41675.898438
930.741638
-32.161243
10.16399
2.4684
0
-19037.498047
41681.058594
952.21991
-32.161243
10.16399
2.4684
0
-18917.769531
41686.21875
973.704895
-32.161243
10.16399
2.4684
0
-18794.451172
41691.535156
995.833984
-32.161243
10.16399
2.4684
0
-18673.449219
41696.75
1017.54718
-32.161243
10.16399
2.4684
0
-18554.732422
41701.867188
1038.850342
-32.161243
10.16399
2.4684
0
-18436.287109
41706.972656
1060.104858
-32.161243
10.16399
2.4684
0
-18314.302734
41712.230469
1081.994263
-32.161243
10.16399
2.4684
0
-18192.78125
41717.46875
1103.800903
-32.161243
10.16399
2.4684
0
-18069.929688
41722.765625
1125.846069
-32.161243
10.16399
2.4684
0
-17946.25
41728.097656
1148.039795
-32.161243
10.16399
2.4684
0
-17829.119141
41733.148438
1169.058594
-32.161243
10.16399
2.4684
0
-17710.162109
41738.277344
1190.404907
-32.161243
10.16399
2.4684
0
-17588.339844
41743.527344
1212.265381
-32.161243
10.16399
2.4684
0
-17466.277344
41748.789063
1234.169067
-32.161243
10.16399
2.4684
0
-17345.078125
41754.015625
1255.917603
-32.161243
10.16399
2.4684
0
-17209.986328
41759.839844
1280.15918
-32.161243
10.16399
2.4684
0
-17088.755859
41765.066406
1301.913574
-32.161243
10.16399
2.4684
0
-16965.410156
41770.382813
1324.047607
-32.161243
10.16399
2.4684
0
-16846.414063
41775.511719
1345.401001
-32.161243
10.16399
2.4684
0
-16723.287109
41780.820313
1367.495605
-32.161243
10.16399
2.4684
0
-16600.498047
41786.113281
1389.529541
-32.161243
10.16399
2.4684
0
-16480.103516
41791.304688
1411.133789
-32.161243
10.16399
2.4684
0
-16355.927734
41796.65625
1433.416626
-32.161243
10.16399
2.4684
0
-16235.273438
41801.859375
1455.067505
-32.161243
10.16399
2.4684
0
-16109.145508
41807.296875
1477.700684
-32.161243
10.16399
2.4684
0
-15983.707031
41812.703125
1500.210083
-32.161243
10.16399
2.4684
0
-15861.001953
41817.992188
1522.229126
-32.161243
10.16399
2.4684
0
-15736.333008
41823.367188
1544.600464
-32.161243
10.16399
2.4684
0
-15606.411133
41828.96875
1567.914551
-32.161243
10.16399
2.4684
0
-15481.548828
41834.351563
1590.320679
-32.161243
10.16399
2.4684
0
-15359.50293
41839.613281
1612.221436
-32.161243
10.16399
2.4684
0
-15236.399414
41844.921875
1634.311768
-32.161243
10.16399
2.4684
0
-15110.371094
41850.355469
1656.927124
-32.161243
10.16399
2.4684
0
-14977.743164
41856.074219
1680.726685
-32.161243
10.16399
2.4684
0
-14854.930664
41861.367188
1702.764893
-32.161243
10.16399
2.4684
0
-14730.064453
41866.636719
1725.09729
-32.170555
10.131329
2.415662
0
-14605.901367
41871.710938
1747.199341
-32.183674
10.085129
2.341069
0
-14485.71875
41876.316406
1768.393433
-32.209309
9.993994
2.194079
0
-14360.995117
41880.785156
1790.18811
-32.233902
9.905747
2.051933
0
-14238.386719
41884.882813
1811.423462
-32.257366
9.820616
1.914957
0
-14114.939453
41888.722656
1832.617554
-32.280136
9.737261
1.780997
0
-13988.807617
41892.324219
1854.066162
-32.304585
9.646925
1.635993
0
-13861.96875
41895.59375
1875.407227
-32.331139
9.547647
1.476832
0
-13737.948242
41898.492188
1896.079956
-32.35408
9.460958
1.338022
0
-13611.405273
41901.105469
1916.951172
-32.379539
9.363697
1.182472
0
-13488.394531
41903.328125
1937.034302
-32.403522
9.27097
1.034359
0
-13366.405273
41905.222656
1956.752686
-32.426598
9.180799
0.890501
0
-13237.949219
41906.898438
1977.309814
-32.449242
9.091351
0.747953
0
-13112.267578
41908.234375
1997.226318
-32.471092
9.004163
0.609154
0
-12991.979492
41909.207031
2016.090088
-32.493851
8.912345
0.463145
0
-12862.393555
41909.960938
2036.221558
-32.513962
8.830294
0.332811
0
-12724.77832
41910.421875
2057.382813
-32.535419
8.74187
0.192503
0
-12600.983398
41910.515625
2076.210938
-32.557945
8.647934
0.043609
0
-12477.352539
41910.320313
2094.827637
-32.577988
8.563411
-0.09024
0
-12353.595703
41909.835938
2113.276855
-32.597797
8.478969
-0.223816
0
-12228.325195
41909.054688
2131.763184
-32.617416
8.394411
-0.357452
0
-12101.135742
41907.960938
2150.338867
-32.63707
8.308788
-0.492615
0
-11975.532227
41906.558594
2168.473877
-32.718857
8.215221
-0.640198
0
-11849.12207
41904.847656
2186.531982
-32.949608
8.129174
-0.775451
0
-11717.992188
41902.742188
2205.048096
-33.204212
8.036222
-0.920227
0
-11589.992188
41900.375
2222.916504
-33.455532
7.945634
-1.059937
0
-11464.073242
41897.746094
2240.294922
-33.713428
7.85624
-1.196472
0
-11345.030273
41894.980469
2256.537109
-33.744915
7.767345
-1.330902
0
-11224.224609
41892.171875
2273.019775
-33.744915
7.767345
-1.330902
0
-11111.035156
41889.542969
2288.463379
-33.744915
7.767345
-1.330902
0
-11007.556641
41887.140625
2302.582031
-33.744915
7.767345
-1.330902
0
-10927.296875
41885.277344
2313.532471
-33.744915
7.767345
-1.330902
0
-10876.889648
41884.105469
2320.409912
-33.744915
7.767345
-1.330902
0
-10849.351563
41883.464844
2324.167236
-33.744915
7.767345
-1.330902
0
-10840.460938
41883.257813
2325.380371
-33.744915
7.767345
-1.330902
0
-10825.696289
41882.914063
2327.394775
-33.744915
7.767345
-1.330902
0
-10763.464844
41881.46875
2335.885498
-33.744915
7.767345
-1.330902
0
-10656.543945
41878.984375
2350.473633
-33.744915
7.767345
-1.330902
0
-10534.165039
41876.140625
2367.170898
-33.744915
7.767345
-1.330902
0
-10407.463867
41873.195313
2384.457764
-33.744915
7.767345
-1.330902
0
-10283.94043
41870.324219
2401.311035
-33.744915
7.767345
-1.330902
0
-10152.894531
41867.28125
2419.190918
-33.744915
7.767345
-1.330902
0
-10015.352539
41864.085938
2437.957031
-33.744915
7.767345
-1.330902
0
-9883.977539
41861.035156
2455.881836
-33.744915
7.767345
-1.330902
0
-9756.035156
41858.0625
2473.338135
-33.744915
7.767345
-1.330902
0
-9629.445313
41855.121094
2490.610107
-33.744915
7.767345
-1.330902
0
-9494.461914
41851.984375
2509.0271
-33.744915
7.767345
-1.330902
0
-9364.303711
41848.960938
2526.785645
-33.744915
7.767345
-1.330902
0
-9233.285156
41845.917969
2544.661865
-33.744915
7.767345
-1.330902
0
-9102.635742
41842.882813
2562.487549
-33.744915
7.767345
-1.330902
0
-8965.811523
41839.703125
2581.155762
-33.744915
7.767345
-1.330902
0
-8833.458984
41836.628906
2599.213867
-33.744915
7.767345
-1.330902
0
-8702.388672
41833.582031
2617.096924
-33.744915
7.767345
-1.330902
0
-8567.749023
41830.453125
2635.467041
-33.744915
7.767345
-1.330902
0
-8434.820313
41827.363281
2653.60376
-33.744915
7.767345
-1.330902
0
-8304.251953
41824.328125
2671.418457
-33.672283
7.767345
-1.330902
0
-8179.13916
41821.421875
2688.48877
-33.600945
7.767345
-1.330902
0
-8045.555176
41818.316406
2706.714844
-33.532581
7.767345
-1.330902
0
-7913.112305
41815.238281
2724.785156
-33.447922
7.767345
-1.330902
0
-7785.752441
41812.28125
2742.162109
-33.363632
7.767345
-1.330902
0
-7650.92627
41809.148438
2760.557617
-33.271225
7.767345
-1.330902
0
-7519.52832
41806.09375
2778.485596
-33.18544
7.767345
-1.330902
0
-7388.794434
41803.054688
2796.322754
-33.10183
7.767345
-1.330902
0
-7255.034668
41799.945313
2814.572754
-33.018635
7.767345
-1.330902
0
-7126.125977
41796.949219
2832.160889
-32.909653
7.767345
-1.330902
0
-6993.561035
41793.871094
2850.248047
-32.804615
7.767345
-1.330902
0
-6861.365234
41790.800781
2868.284668
-32.720234
7.767345
-1.330902
0
-6730.942383
41787.769531
2886.07959
-32.470848
7.767345
-1.330902
0
-6599.489258
41784.714844
2904.014893
-32.13155
7.767345
-1.330902
0
-6467.037598
41781.636719
2922.086426
-31.789566
7.767345
-1.330902
0
-6336.627441
41778.605469
2939.879395
-31.44499
7.767345
-1.330902
0
-6208.475586
41775.628906
2957.364258
-31.117357
7.767345
-1.330902
0
-6078.270508
41772.605469
2975.129395
-30.795385
7.767345
-1.330902
0
-5948.165527
41769.582031
2992.880859
-30.468243
7.767345
-1.330902
0
-5815.431641
41766.5
3010.990967
-30.199469
7.767345
-1.330902
0
-5684.058105
41763.371094
3028.870361
-29.929815
7.747982
-1.364471
0
-5555.837891
41760.148438
3046.222412
-29.668642
7.70463
-1.44046
0
-5424.298828
41756.621094
3063.898682
-29.405062
7.650891
-1.535614
0
-5283.934082
41752.511719
3082.565918
-29.152042
7.572159
-1.676483
0
-5161.384277
41748.652344
3098.711182
-28.803705
7.501542
-1.804138
0
-5028.896484
41744.152344
3115.985107
-28.503416
7.424108
-1.946106
0
-4893.737305
41739.117188
3133.36792
-28.182819
7.323575
-2.13269
0
-4763.215332
41732.703125
3149.322998
-27.928064
6.961
-2.813447
0
-4630.095215
41724.324219
3164.62793
-27.762871
6.545664
-3.600862
0
-4499.757813
41714.285156
3178.654541
-27.671896
6.124432
-4.404451
0
-4366.174805
41702.148438
3192.074219
-27.716721
5.713228
-5.191439
0
-4225.305664
41687.347656
3205.19165
-27.792587
5.291006
-5.99747
0
-4094.681641
41671.65625
3216.337646
-27.866411
4.842502
-6.850379
0
-3964.771973
41654.261719
3226.498047
-27.927813
4.43267
-7.627021
0
-3834.623291
41635.042969
3235.752686
-27.984764
4.023815
-8.399455
0
-3698.21167
41612.988281
3244.463867
-28.036982
3.607248
-9.184308
0
-3570.531494
41590.457031
3251.642578
-28.085623
3.169187
-10.007491
0
-3442.488281
41566.082031
3257.921143
-28.125477
2.757764
-10.778884
0
-3316.74292
41540.375
3263.174316
-28.159935
2.343786
-11.553546
0
-3187.346436
41512.125
3267.650879
-28.188377
1.935874
-12.315662
0
-3049.303467
41479.996094
3271.398682
-28.212032
1.51469
-13.101521
0
-2922.858887
41448.597656
3273.813477
-28.229483
1.061889
-13.945425
0
-2793.593506
41414.609375
3275.306152
-28.241142
0.639879
-14.731402
0
-2661.696777
41377.964844
3275.814209
-28.162401
0.212678
-15.52669
0
-2535.553955
41340.988281
3275.305176
-27.930685
-0.221865
-16.338398
0
-2412.222168
41302.976563
3273.859863
-27.702257
-0.641594
-17.130201
0
-2287.482422
41262.65625
3271.452148
-27.482805
-1.052245
-17.912579
0
-2161.704102
41220.058594
3268.052734
-27.254133
-1.466339
-18.709112
0
-2041.605469
41177.488281
3263.864502
-27.016556
-1.882598
-19.517944
0
-1907.680542
41127.996094
3258.199951
-26.784344
-2.271905
-20.282404
0
-1790.094238
41082.5
3252.231689
-26.501692
-2.710144
-21.152031
0
-1668.559692
41033.5625
3245.13916
-26.211864
-3.098659
-21.93288
0
-1551.112183
40984.347656
3237.366211
-25.89381
-3.493013
-22.735977
0
-1435.342041
40933.960938
3228.820557
-25.567728
-3.872096
-23.519329
0
-1315.001953
40879.628906
3219.023193
-25.239023
-4.243651
-24.298836
0
-1195.061035
40823.402344
3208.300781
-24.889559
-4.627651
-25.117041
0
-1079.050171
40766.96875
3196.995605
-24.533062
-5.008051
-25.941143
0
-965.526611
40709.753906
3185.037354
-24.180214
-5.373747
-26.746962
0
-843.525085
40646.125
3171.231934
-23.827066
-5.729402
-27.544176
0
-731.601257
40585.582031
3157.612305
-23.389204
-6.10916
-28.410545
0
-619.559143
40522.886719
3143.073242
-22.975628
-6.460696
-29.22998
0
-507.810974
40458.25
3127.671631
-22.532639
-6.803496
-30.045843
0
-394.84201
40390.71875
3111.180176
-22.081682
-7.142055
-30.870039
0
-279.552032
40319.472656
3093.383789
-21.61623
-7.480867
-31.714277
0
-152.250412
40238.0625
3072.610596
-21.05578
-7.827574
-32.599754
0
-36.292
40161.070313
3052.549805
-20.395412
-8.201172
-33.583271
0
90.685768
40073.816406
3029.42749
-19.780334
-8.535277
-34.494766
0
205.506195
39992.472656
3007.578613
-19.009892
-8.825894
-35.315002
0
319.569214
39909.769531
2985.164551
-18.280157
-9.039366
-35.943932
0
427.885651
39829.394531
2963.209229
-17.559187
-9.245275
-36.577106
0
540.11438
39744.25
2939.799805
-16.866039
-9.43497
-37.186413
0
652.922668
39656.664063
2915.578613
-16.139177
-9.625519
-37.825874
0
757.146973
39573.828125
2892.556885
-15.399311
-9.810672
-38.477364
0
855.442688
39493.980469
2870.282471
-14.706959
-9.975648
-39.087528
0
956.025452
39410.5625
2846.945557
-14.046102
-10.125734
-39.670399
0
1046.850464
39333.507813
2825.336914
-13.343405
-10.282836
-40.311092
0
1139.484619
39253.273438
2802.80249
-12.700764
-10.41907
-40.8974
0
1233.465698
39170.117188
2779.425537
-12.037525
-10.552614
-41.502758
0
1329.390381
39083.476563
2755.060303
-11.362994
-10.674895
-42.088882
0
1423.272461
38996.859375
2730.707764
-10.666336
-10.793884
-42.694569
0
1516.90979
38908.636719
2705.923096
-9.976149
-10.904328
-43.294952
0
1610.141846
38818.992188
2680.772217
-9.284039
-11.004206
-43.876629
0
1699.821045
38730.976563
2656.125244
-8.586772
-11.097718
-44.46302
0
1791.572998
38639.113281
2630.460205
-7.908059
-11.181764
-45.034176
0
1884.149048
38544.90625
2604.199951
-7.229989
-11.244867
-45.50024
0
1969.667358
38456.425781
2579.603516
-6.539374
-11.303587
-45.975266
0
2056.814209
38364.738281
2554.196289
-5.888218
-11.357054
-46.45435
0
2142.89917
38272.828125
2528.806641
-5.232729
-11.399168
-46.873886
0
2228.07373
38180.945313
2503.486084
-4.604006
-11.42556
-47.169514
0
2313.304688
38087.929688
2477.929932
-3.97098
-11.451509
-47.500618
0
2399.70874
37992.523438
2451.802979
-3.333283
-11.474028
-47.834358
0
2484.668945
37897.578125
2425.975342
-2.682038
-11.459376
-48.177135
0
2569.239014
37801.832031
2400.374268
-2.102082
-11.332273
-48.546246
0
2656.347168
37702.050781
2374.294922
-1.564239
-11.138672
-48.879475
0
2738.653564
37606.574219
2350.055908
-1.042297
-10.884432
-49.236839
0
2826.406982
37503.59375
2324.934326
-0.607879
-10.518771
-49.563995
0
2908.019531
37406.546875
2302.409912
-0.152679
-10.072602
-49.937931
0
2988.722168
37309.394531
2280.929443
0.269992
-9.652307
-50.284069
0
3073.27002
37206.375
2259.268066
0.687367
-9.231745
-50.624832
0
3151.552002
37109.816406
2240.027344
1.085501
-8.798765
-50.967632
0
3232.17041
37009.246094
2221.009521
1.45353
-8.393216
-51.283802
0
3314.364502
36905.511719
2202.477051
1.832003
-7.971097
-51.608212
0
3403.741211
36791.371094
2183.298828
2.217342
-7.535952
-51.937733
0
3479.910645
36692.839844
2167.880371
2.582926
-7.057402
-52.294662
0
3556.78418
36592.300781
2153.136475
2.893762
-6.644838
-52.598072
0
3632.164795
36492.617188
2139.506104
3.206876
-6.224297
-52.903587
0
3711.291504
36386.835938
2126.069824
3.513344
-5.807737
-53.202518
0
3794.327881
36274.554688
2112.952393
3.834495
-5.366083
-53.515625
0
3880.416992
36156.742188
2100.448975
4.170945
-4.897703
-53.843472
0
3959.360352
36047.355469
2090.053223
4.519187
-4.406708
-54.182678
0
4034.414795
35942.160156
2081.127441
4.838014
-3.951203
-54.493099
0
4110.614258
35834.140625
2073.013428
5.106389
-3.512452
-54.79982
0
4183.458496
35729.675781
2066.199951
5.378258
-3.062404
-55.111156
0
4256.923828
35623.148438
2060.26123
5.637593
-2.627621
-55.408836
0
4329.412598
35516.847656
2055.353027
5.898624
-2.184629
-55.709061
0
4404.060059
35406.207031
2051.288574
6.108794
-1.744232
-55.993385
0
4476.989258
35296.859375
2048.340088
6.143817
-1.285086
-56.298935
0
4548.881348
35188.121094
2046.375122
6.149092
-0.863616
-56.529499
0
4619.595703
35081.160156
2044.463135
6.149104
-0.854306
-56.529987
0
4692.545898
34970.820313
2042.490723
6.149104
-0.854306
-56.529987
0
4767.307129
34857.738281
2040.46936
6.149104
-0.854306
-56.529987
0
4836.285645
34753.40625
2038.604248
6.149104
-0.854306
-56.529987
0
4908.601563
34644.023438
2036.648926
6.149104
-0.854306
-56.529987
0
4979.283203
34537.113281
2034.737793
6.149104
-0.854306
-56.529987
0
5049.569824
34430.800781
2032.837402
6.149104
-0.854306
-56.529987
0
5123.996094
34318.226563
2030.825073
6.149104
-0.854306
-56.529987
0
5197.353516
34207.269531
2028.841675
6.149104
-0.854306
-56.529987
0
5271.043457
34095.808594
2026.849243
6.149104
-0.854306
-56.529987
0
5345.771484
33982.777344
2024.828735
6.149104
-0.854306
-56.529987
0
5422.647949
33866.496094
2022.750122
6.149104
-0.854306
-56.529987
0
5495.517578
33756.277344
2020.779907
6.149104
-0.854306
-56.529987
0
5568.149902
33646.417969
2018.81604
6.149104
-0.854306
-56.529987
0
5641.331055
33535.726563
2016.837402
6.149104
-0.854306
-56.529987
0
5715.445313
33423.625
2014.833496
6.149104
-0.854306
-56.529987
0
5785.629883
33317.46875
2012.935791
6.149104
-0.854306
-56.529987
0
5858.974121
33206.53125
2010.952637
6.149104
-0.854306
-56.529987
0
5933.15625
33094.328125
2008.946899
6.149104
-0.854306
-56.529987
0
6008.399902
32980.519531
2006.912476
6.149104
-0.854306
-56.529987
0
6082.541992
32868.375
2004.907837
6.149104
-0.854306
-56.529987
0
6158.114746
32754.066406
2002.864502
6.149104
-0.854306
-56.529987
0
6231.181641
32643.548828
2000.888916
6.149104
-0.854306
-56.529987
0
6304.611328
32532.482422
1998.903442
6.149104
-0.854306
-56.529987
0
6378.077148
32421.361328
1996.916992
6.149104
-0.854306
-56.529987
0
6449.766602
32312.927734
1994.978638
6.149104
-0.854306
-56.529987
0
6523.677734
32201.132813
1992.980225
6.149104
-0.854306
-56.529987
0
6596.679688
32090.712891
1991.006348
6.149104
-0.854306
-56.529987
0
6665.59375
31986.476563
1989.143066
6.149104
-0.854306
-56.529987
0
6692.187988
31946.251953
1988.42395
6.149104
-0.854306
-56.529987
1
8621.800781
28869.544922
1728.607666
0.0
0.0
-39.147808
1
8634.063477
28859.5625
1728.607666
0.0
0.0
-39.147808
1
8704.748047
28802.021484
1728.607666
0.0
0.0
-39.147808
1
8803.662109
28721.5
1728.607666
0.0
0.0
-39.147808
1
8909.949219
28634.974609
1728.607666
0.0
0.0
-39.147808
1
9009.446289
28553.978516
1728.607666
0.0
0.0
-39.147808
1
9110.712891
28471.541016
1728.607666
0.0
0.0
-39.147808
1
9214.441406
28387.099609
1728.607666
0.0
0.0
-39.147808
1
9315.780273
28304.603516
1728.607666
0.0
0.0
-39.147808
1
9416.632813
28222.503906
1728.607666
0.0
0.0
-39.147808
1
9518.743164
28139.378906
1728.607666
0.0
0.0
-39.147808
1
9625.448242
28052.513672
1728.607666
0.0
0.0
-39.147808
1
9725.244141
27971.273438
1728.607666
0.0
0.0
-39.147808
1
9827.396484
27888.115234
1728.607666
0.0
0.0
-39.147808
1
9930.838867
27803.90625
1728.607666
0.0
0.0
-39.147808
1
10036.958008
27717.517578
1728.607666
0.0
0.0
-39.147808
1
10141.158203
27632.691406
1728.607666
0.0
0.0
-39.147808
1
10247.669922
27545.984375
1728.607666
0.0
0.0
-39.147808
1
10349.40332
27463.166016
1728.607666
0.0
0.0
-39.147808
1
10454.267578
27377.800781
1728.607666
0.0
0.0
-39.147808
1
10560.510742
27291.3125
1728.607666
0.0
0.0
-39.147808
1
10663.838867
27207.197266
1728.607666
0.0
0.0
-39.147808
1
10769.230469
27121.402344
1728.607666
0.0
0.0
-39.147808
1
10869.995117
27039.373047
1728.607666
0.0
0.0
-39.147808
1
10972.083008
26956.267578
1728.607666
-0.034546
0.0
-39.14777
1
11072.375
26874.623047
1728.607666
-0.06955
0.0
-39.147747
1
11181.137695
26786.083984
1728.607666
-0.125885
0.0
-39.147743
1
11282.886719
26703.253906
1728.607666
-0.354767
0.0
-39.147751
1
11382.198242
26622.408203
1728.607666
-0.568878
0.0
-39.147743
1
11490.69043
26534.089844
1728.607666
-0.800598
0.0
-39.147717
1
11588.223633
26454.691406
1728.607666
-1.053741
0.0
-39.14769
1
11689.944336
26371.884766
1728.607666
-1.283142
0.0
-39.147652
1
11789.325195
26290.982422
1728.607666
-1.533814
0.0
-39.147625
1
11888.075195
26210.59375
1728.607666
-1.800812
0.0
-39.147591
1
11991.205078
26126.640625
1728.607666
-2.099152
0.0
-39.147564
1
12090.507813
26045.802734
1728.607666
-2.46814
0.0
-39.147537
1
12192.885742
25962.460938
1728.607666
-2.823426
0.0
-39.147499
1
12293.935547
25880.201172
1728.607666
-3.189729
0.0
-39.147469
1
12398.444336
25795.125
1728.607666
-3.5625
0.0
-39.147438
1
12498.730469
25713.486328
1728.607666
-4.089754
0.0
-39.147404
1
12597.280273
25633.261719
1728.607666
-4.61606
0.0
-39.147385
1
12697.279297
25551.857422
1728.607666
-5.104251
0.0
-39.147381
1
12792.923828
25473.998047
1728.607666
-5.610813
0.0
-39.14735
1
12894.417969
25391.376953
1728.607666
-6.127568
0.0
-39.147327
1
12992.642578
25311.417969
1728.607666
-6.721533
0.0
-39.147316
1
13091.408203
25230.621094
1728.571411
-7.274238
-0.01627
-39.285259
1
13192.026367
25147.730469
1728.477173
-7.810983
-0.041411
-39.482189
1
13288.929688
25067.326172
1728.325317
-8.361521
-0.069094
-39.683941
1
13391.995117
24981.214844
1728.096313
-8.893168
-0.097685
-39.878555
1
13487.255859
24900.935547
1727.801025
-9.460036
-0.135805
-40.122093
1
13587.236328
24816.136719
1727.421387
-9.832748
-0.165919
-40.302788
1
13682.428711
24734.853516
1726.986694
-9.832168
-0.198977
-40.49353
1
13783.295898
24648.132813
1726.446899
-9.831464
-0.232513
-40.686996
1
13878.188477
24565.953125
1725.859131
-9.830581
-0.268283
-40.893494
1
13975.813477
24480.859375
1725.180908
-9.829695
-0.30005
-41.076904
1
14070.161133
24398.041016
1724.447388
-9.828595
-0.334748
-41.277107
1
14163.313477
24315.542969
1723.625732
-9.82704
-0.378351
-41.528847
1
14263.854492
24225.400391
1722.591309
-9.824568
-0.438901
-41.878368
1
14355.245117
24142.470703
1721.518188
-9.821791
-0.498235
-42.221085
1
14449.604492
24055.800781
1720.269897
-9.818619
-0.558224
-42.567768
1
14541.825195
23969.558594
1719.312744
-9.813306
-0.434352
-43.081062
1
14633.984375
23882.005859
1718.667236
-9.809677
-0.290918
-43.531551
1
14725.739258
23792.619141
1718.212402
-9.80531
-0.203424
-44.251019
1
14816.958008
23701.134766
1717.937866
-9.801407
-0.121728
-45.083084
1
14907.321289
23607.628906
1717.799072
-9.798383
-0.061158
-45.978954
1
14994.40625
23514.398438
1717.771362
-9.796002
-0.012424
-46.951679
1
15076.790039
23422.457031
1717.761353
-9.793715
-0.004638
-48.138229
1
15164.419922
23320.619141
1717.794434
-9.7917
0.014132
-49.288383
1
15243.969727
23224.029297
1717.848022
-9.789778
0.024527
-50.525684
1
15326.705078
23119.351563
1717.927734
-9.788342
0.034247
-51.678055
1
15412.931641
23005.332031
1718.03894
-9.786911
0.044594
-52.901749
1
15494.506836
22892.140625
1718.206299
-9.785414
0.068739
-54.220459
1
15568.512695
22784.439453
1718.387939
-9.784559
0.07966
-55.505344
1
15639.956055
22675.632813
1718.619141
-9.784132
0.10177
-56.710793
1
15704.748047
22572.306641
1718.857544
-9.784193
0.111974
-57.909523
1
15772.198242
22459.904297
1719.13562
-9.784559
0.12153
-59.032665
1
15840.366211
22340.707031
1719.451416
-9.785016
0.131754
-60.234917
1
15901.40625
22228.3125
1719.769409
-9.785626
0.14245
-61.494251
1
15960.091797
22114.771484
1720.109375
-9.786544
0.152402
-62.667271
1
16015.730469
22001.535156
1720.471313
-9.787672
0.164368
-63.83271
1
16069.839844
21885.541016
1720.885864
-9.789075
0.185549
-64.991806
1
16118.733398
21774.900391
1721.302734
-9.790875
0.197474
-66.158943
1
16168.416016
21656.349609
1721.770996
-9.79292
0.20871
-67.261963
1
16214.490234
21539.71875
1722.223633
-9.79518
0.206811
-68.443695
1
16257.133789
21425.132813
1722.689575
-9.797407
0.218368
-69.587196
1
16301.84375
21297.761719
1723.248657
-9.799849
0.237281
-70.657555
1
16342.306641
21175.134766
1723.840698
-9.802657
0.262716
-71.738914
1
16379.385742
21055.839844
1724.479492
-9.805799
0.29296
-72.733932
1
16414.367188
20936.117188
1725.176758
-9.809431
0.320302
-73.711983
1
16448.117188
20813.419922
1725.974854
-9.813337
0.359316
-74.620346
1
16479.1875
20692.871094
1726.841919
-9.817915
0.399067
-75.547096
1
16508.523438
20571.132813
1727.774292
-9.823043
0.426573
-76.451759
1
16536.335938
20447.230469
1728.810059
-9.828567
0.467322
-77.348671
1
16561.919922
20323.847656
1729.920044
-9.834944
0.504717
-78.28508
1
16587.277344
20190.734375
1731.201294
-9.841903
0.54173
-79.214279
1
16608.574219
20067.480469
1732.421265
-9.849807
0.558819
-80.196953
1
16628.326172
19941.529297
1733.678589
-9.857343
0.565048
-81.086983
1
16646.484375
19812.173828
1734.976563
-9.865216
0.56931
-82.009506
1
16662.5625
19682.816406
1736.241333
-9.872999
0.555909
-82.914879
1
16676.269531
19557.751953
1737.433716
-9.88005
0.542986
-83.745201
1
16689.439453
19420.097656
1738.71875
-9.88661
0.53242
-84.535088
1
16699.335938
19297.005859
1739.841064
-9.893569
0.520693
-85.403244
1
16707.626953
19172.583984
1740.922485
-9.899795
0.496862
-86.187866
1
16714.519531
19042.201172
1741.922119
-9.905684
0.438642
-86.974205
1
16719.248047
18918.927734
1742.653931
-9.910995
0.33987
-87.803139
1
16722.367188
18792.554688
1743.197754
-9.914719
0.246488
-88.586372
1
16723.724609
18668.820313
1743.452881
-9.917158
0.118121
-89.371361
1
16723.423828
18545.619141
1743.436646
-9.917861
-0.007568
-90.139771
1
16721.513672
18424.675781
1743.156494
-9.916885
-0.13269
-90.904823
1
16717.855469
18298.162109
1742.592041
-9.914289
-0.255524
-91.655937
1
16712.458984
18171.617188
1741.743164
-9.909865
-0.384007
-92.441925
1
16705.378906
18046.095703
1740.618652
-9.90367
-0.512483
-93.228516
1
16696.558594
17920.251953
1739.209595
-9.895764
-0.639927
-94.009331
1
16685.560547
17789.087891
1737.445923
-9.886092
-0.7677
-94.79287
1
16673.232422
17663.820313
1735.442383
-9.873976
-0.911892
-95.620857
1
16659.210938
17539.058594
1733.142212
-9.860428
-1.049616
-96.41275
1
16643.453125
17414.369141
1730.538574
-9.845016
-1.1868
-97.202736
1
16625.855469
17289.048828
1727.613892
-9.827711
-1.323909
-97.99366
1
16606.666016
17164.951172
1724.409668
-9.808365
-1.461701
-98.790169
1
16585.037109
17036.810547
1720.783936
-9.787274
-1.598169
-99.580711
1
16562.058594
16911.595703
1716.918701
-9.763472
-1.739069
-100.398972
1
16537.060547
16785.355469
1712.701782
-9.738203
-1.876765
-101.200752
1
16509.658203
16656.447266
1708.088501
-9.711041
-2.004852
-102.001236
1
16481.902344
16534.486328
1703.424194
-9.681378
-2.135623
-102.821175
1
16452.847656
16414.386719
1698.549194
-9.651471
-2.259338
-103.599564
1
16421.154297
16290.671875
1693.238647
-9.620281
-2.381134
-104.368721
1
16387.554688
16166.699219
1687.615845
-9.586317
-2.506584
-105.163887
1
16353.766602
16048.583984
1681.967773
-9.550399
-2.632293
-105.963875
1
16318.18457
15930.203125
1676.025757
-9.514417
-2.752068
-106.729233
1
16280.226563
15809.8125
1669.692749
-9.476575
-2.872101
-107.499588
1
16241.356445
15692.185547
1663.213013
-9.436259
-2.994136
-108.286491
1
16199.924805
15572.260742
1656.311768
-9.395062
-3.113371
-109.058983
1
16155.637695
15449.586914
1648.940186
-9.351179
-3.234921
-109.850418
1
16110.094727
15328.975586
1641.343872
-9.30299
-3.372044
-110.686615
1
16062.483398
15208.12793
1633.408325
-9.254009
-3.496155
-111.503189
1
16014.708984
15091.792969
1625.450806
-9.202861
-3.620506
-112.326172
1
15963.564453
14972.012695
1616.916992
-9.151715
-3.748811
-113.121994
1
15910.454102
14852.424805
1608.040161
-9.096873
-3.880947
-113.946503
1
15854.558594
14731.318359
1598.682861
-9.039836
-4.012907
-114.775261
1
15799.764648
14617.058594
1589.495972
-8.979717
-4.146574
-115.620468
1
15743.369141
14503.569336
1580.02771
-8.920756
-4.272761
-116.423836
1
15683.832031
14387.861328
1570.019165
-8.859996
-4.398163
-117.227661
1
15624.638672
14276.78418
1560.055908
-8.795755
-4.526031
-118.053505
1
15563.417969
14165.666016
1549.739624
-8.731854
-4.648838
-118.852699
1
15499.818359
14053.977539
1539.010742
-8.665689
-4.771727
-119.658653
1
15437.158203
13947.548828
1528.428955
-8.595865
-4.897068
-120.487396
1
15371.708984
13839.836914
1517.365356
-8.527017
-5.016569
-121.28421
1
15301.77832
13728.318359
1505.553589
-8.454294
-5.127648
-122.090866
1
15234.793945
13624.904297
1494.228271
-8.117258
-5.25165
-122.932426
1
15166.09668
13521.983398
1482.630127
-7.777872
-5.354642
-123.722366
1
15088.338867
13409.05957
1469.529663
-7.432228
-5.458038
-124.550964
1
15015.686523
13307.043945
1457.325928
-7.048652
-5.565395
-125.45726
1
14941.587891
13205.987305
1444.901123
-6.655308
-5.662438
-126.250168
1
14866.792969
13106.050781
1432.400757
-6.283512
-5.71863
-126.81221
1
14789.095703
13004.154297
1419.461792
-5.917242
-5.765929
-127.326073
1
14711.0625
12903.664063
1406.518799
-5.140933
-5.80868
-127.830017
1
14631.300781
12802.605469
1393.3302
-4.100679
-5.849025
-128.282684
1
14554.472656
12706.679688
1380.677368
-3.091431
-5.878047
-128.69162
1
14474.707031
12608.191406
1367.611206
-2.131958
-5.886168
-129.004013
1
14387.799805
12502.289063
1353.45459
-1.126281
-5.899719
-129.373413
1
14309.339844
12407.942383
1340.758911
-0.066223
-5.906918
-129.74736
1
14228.757813
12311.953125
1327.810425
0.744138
-5.898619
-130.013306
1
14149.851563
12218.200195
1315.152222
1.270151
-5.897697
-130.085251
1
14068.863281
12122.173828
1302.178711
1.783264
-5.896393
-130.144012
1
13987.586914
12026.010742
1289.179443
2.320516
-5.894535
-130.204224
1
13905.983398
11929.707031
1276.153687
2.860222
-5.891605
-130.276459
1
13823.888672
11833.071289
1263.077148
3.401286
-5.888005
-130.348846
1
13739.628906
11734.141602
1249.685547
3.944785
-5.883696
-130.421478
1
13646.763672
11625.347656
1234.955811
4.500519
-5.879426
-130.483673
1
13563.776367
11528.360352
1221.823242
4.765681
-5.874051
-130.552063
1
13482.188477
11433.213867
1208.939453
4.771925
-5.86899
-130.613068
1
13396.668945
11333.693359
1195.462769
4.778052
-5.864011
-130.673004
1
13313.769531
11237.435547
1182.427368
4.784461
-5.858792
-130.735718
1
13234.344727
11145.410156
1169.964478
4.79066
-5.853724
-130.796448
1
13145.294922
11042.443359
1156.019287
4.796587
-5.848875
-130.854553
1
13062.388672
10946.799805
1143.065308
4.803216
-5.843445
-130.919632
1
12978.441406
10850.162109
1129.976196
4.809374
-5.838377
-130.980133
1
12897.071289
10756.693359
1117.315674
4.815597
-5.833248
-131.041321
1
12810.442383
10657.390625
1103.86438
4.821616
-5.828275
-131.100525
1
12729.44043
10564.744141
1091.314209
4.82801
-5.822968
-131.163498
1
12644.473633
10467.762695
1078.17627
4.833976
-5.818023
-131.222305
1
12562.916992
10374.875977
1065.592407
4.840223
-5.812832
-131.283966
1
12479.803711
10280.413086
1052.794434
4.846206
-5.80786
-131.343033
1
12393.887695
10182.97168
1039.592407
4.85229
-5.802799
-131.403183
1
12310.973633
10089.140625
1026.878906
4.858566
-5.797539
-131.465286
1
12227.381836
9994.740234
1014.087708
4.864609
-5.792478
-131.525116
1
12142.27832
9898.836914
1001.092224
4.824006
-5.787383
-131.585373
1
12055.154297
9800.868164
987.816162
4.782713
-5.782219
-131.646667
1
11971.722656
9707.257813
975.129944
4.740486
-5.777008
-131.709305
1
11886.90625
9612.293945
962.259338
4.621411
-5.772063
-131.769226
1
11802.455078
9517.94043
949.470276
4.500498
-5.767145
-131.830109
1
11719.737305
9425.71875
936.96875
4.380247
-5.762419
-131.890671
1
11636.236328
9332.818359
924.373352
4.262596
-5.757904
-131.949936
1
11551.25
9238.50293
911.583618
4.05548
-5.75259
-132.021439
1
11467.761719
9146.085938
899.048279
3.844969
-5.747467
-132.094131
1
11384.210938
9053.868164
886.535767
3.572623
-5.741908
-132.177078
1
11293.787109
8954.354492
873.027771
3.300506
-5.736758
-132.259964
1
11209.962891
8862.351563
860.533752
2.932887
-5.732325
-132.33699
1
11122.224609
8766.293945
847.482544
2.55907
-5.728698
-132.40834
1
11037.731445
8674.03125
834.939331
2.168333
-5.725372
-132.482925
1
10952.513672
8581.210938
822.311829
1.792586
-5.72266
-132.554657
1
10864.864258
8485.982422
809.346924
1.425412
-5.720399
-132.626938
1
10778.728516
8392.641602
796.62793
1.048276
-5.718569
-132.701202
1
10693.610352
8300.638672
784.079468
0.678176
-5.717216
-132.774063
1
10607.004883
8207.262695
771.330872
0.312952
-5.716362
-132.845978
1
10516.870117
8110.331055
758.082031
-0.058167
-5.715973
-132.919067
1
10429.407227
8016.520996
745.243896
-0.442261
-5.716035
-132.994705
1
10344.088867
7925.246094
732.736572
-0.815979
-5.716581
-133.068298
1
10258.380859
7833.784668
720.186768
-1.180054
-5.717592
-133.139969
1
10172.651367
7742.530273
707.6474
-1.545288
-5.719054
-133.211884
1
10085.78418
7650.296387
694.954102
-1.910126
-5.720973
-133.283737
1
9993.87207
7552.994141
681.538147
-2.050903
-5.723753
-133.36824
1
9905.943359
7460.361328
668.725403
-2.050477
-5.728698
-133.507645
1
9816.921875
7367.711426
655.8078
-2.015686
-5.740999
-133.85585
1
9723.352539
7271.754883
642.298828
-1.973358
-5.755643
-134.278305
1
9631.214844
7178.871582
629.073486
-1.924042
-5.772274
-134.769211
1
9543.072266
7091.490723
616.492432
-1.875763
-5.788086
-135.24852
1
9453.298828
7003.752441
603.739075
-1.834534
-5.801241
-135.656754
1
9359.174805
6913.228027
590.437988
-1.787994
-5.815701
-136.116653
1
9270.591797
6829.552246
577.992798
-1.735718
-5.831479
-136.631851
1
9176.398438
6742.061523
564.830688
-1.686798
-5.84576
-137.112595
1
9084.452148
6658.055176
552.049622
-1.638763
-5.859373
-137.583679
1
8990.298828
6573.398438
539.027283
-1.592102
-5.872166
-138.040115
1
8894.101563
6488.302734
525.789368
-1.544586
-5.884802
-138.50415
1
8794.555664
6401.655273
512.158386
-1.497497
-5.896912
-138.962906
1
8695.835938
6317.14502
498.708557
-1.449005
-5.908967
-139.434357
1
8597.84375
6234.338379
485.409668
-1.411225
-5.918092
-139.801208
1
8501.44043
6153.397949
472.351563
-1.392486
-5.922512
-139.983032
1
8404.435547
6071.990234
459.213837
-1.391113
-5.922819
-139.996231
1
8309.03125
5991.925781
446.292908
-1.391113
-5.922819
-139.996231
1
8211.385742
5909.980469
433.06839
-1.391113
-5.922819
-139.996231
1
8115.366211
5829.399902
420.064117
-1.391113
-5.922819
-139.996231
1
8019.098633
5748.611328
407.026276
-1.391113
-5.922819
-139.996231
1
7915.996582
5662.086914
393.062805
-1.391113
-5.922819
-139.996231
1
7820.074707
5581.588379
380.071747
-1.391113
-5.922819
-139.996231
1
7723.165039
5500.260742
366.94693
-1.391113
-5.922819
-139.996231
1
7627.230957
5419.751953
353.954224
-1.391113
-5.922819
-139.996231
1
7528.995605
5337.311523
340.649841
-1.391113
-5.922819
-139.996231
1
7433.195313
5256.914551
327.675232
-1.391113
-5.922819
-139.996231
1
7332.110352
5172.083008
313.984924
-1.391113
-5.922819
-139.996231
1
7232.216797
5088.250977
300.455933
-1.391113
-5.922819
-139.996231
1
7132.431641
5004.510254
286.94165
-1.391113
-5.922819
-139.996231
1
7029.830566
4918.40625
273.046021
-1.391113
-5.922819
-139.996231
1
6931.59668
4836.593262
259.771881
-1.368927
-5.927976
-140.211243
1
6831.524902
4753.85498
246.278366
-1.347717
-5.932832
-140.416443
1
6734.553711
4674.274902
233.231506
-1.32608
-5.937688
-140.625732
1
6635.713867
4593.67334
219.957825
-1.307678
-5.941738
-140.803543
1
6539.409668
4515.644043
207.048874
-1.288971
-5.945796
-140.984314
1
6434.47998
4431.157715
193.009262
-1.270752
-5.949709
-141.159988
1
6336.760742
4352.477051
179.934418
-1.270752
-5.949709
-141.159988
1
6328.855469
4346.111816
178.876694
-1.270752
-5.949709
-141.159988
1
6310.997559
4331.73291
176.487305
-1.270752
-5.949709
-141.159988
1
6266.355469
4295.788086
170.514175
-1.270752
-5.949709
-141.159988
1
6199.887695
4242.27002
161.620758
-1.270752
-5.949709
-141.159988
1
6128.195801
4184.54541
152.028351
-1.270752
-5.949709
-141.159988
1
6059.164551
4128.963379
142.791962
-1.270752
-5.949709
-141.159988
1
5988.359863
4071.953613
133.318314
-1.270752
-5.949709
-141.159988
1
5915.968262
4013.665771
123.632294
-1.270752
-5.949709
-141.159988
1
5835.29248
3948.707764
112.83786
-1.270752
-5.949709
-141.159988
1
5758.836914
3887.147949
102.608116
-1.270752
-5.949709
-141.159988
1
5683.429199
3826.460938
92.519928
-1.269348
-5.950016
-141.173447
1
5611.617676
3768.819336
82.920097
-1.261749
-5.951628
-141.24675
1
5540.691406
3712.03833
73.445816
-1.254089
-5.953247
-141.320526
1
5469.155273
3655.459961
63.374924
-1.218964
-6.301027
-141.659378
1
5399.410156
3602.054443
51.856556
-1.120422
-7.470184
-142.557892
1
5330.3125
3551.208496
37.468971
-0.978546
-9.520382
-143.652374
1
5255.995605
3498.731445
18.708813
-0.793518
-11.651489
-144.773224
1
5174.239746
3443.460693
-5.654514
-0.558228
-13.867735
-145.939529
1
5093.850586
3391.495605
-33.376762
-0.275269
-16.1516
-147.120605
1
5013.040039
3340.865234
-65.070847
-0.049713
-18.384634
-147.931473
1
4933.091797
3291.672119
-100.236694
0.096699
-20.537012
-148.395447
1
4852.073242
3241.82251
-137.117157
0.09712
-21.191351
-148.396622
1
4770.623047
3191.70752
-174.194092
0.09712
-21.191351
-148.396622
1
4690.272949
3142.269287
-210.770325
0.09712
-21.191351
-148.396622
1
4611.885254
3094.03833
-246.453278
0.09712
-21.191351
-148.396622
1
4531.313477
3044.463867
-283.13031
0.09712
-21.191351
-148.396622
1
4450.558105
2994.776123
-319.891083
0.09712
-21.191351
-148.396622
1
4366.498535
2943.055664
-358.155731
0.09712
-21.191351
-148.396622
1
4284.13623
2892.379395
-395.647827
0.09712
-21.191351
-148.396622
1
4202.391113
2842.082764
-432.85907
0.09712
-21.191351
-148.396622
1
4120.646973
2791.786621
-470.069885
0.09712
-21.191351
-148.396622
1
4032.941406
2737.822754
-509.994324
0.09712
-21.191351
-148.396622
1
3952.487549
2688.320801
-546.617676
0.09712
-21.191351
-148.396622
1
3868.455811
2636.617432
-584.869751
0.09712
-21.191351
-148.396622
1
3788.858887
2587.640137
-619.824097
0.096679
-20.50631
-148.39534
1
3708.42041
2538.141602
-653.33667
0.096084
-19.535946
-148.3936
1
3622.237061
2485.104248
-687.248047
0.095502
-18.526361
-148.391785
1
3540.550049
2434.831787
-718.292236
0.095178
-17.934525
-148.390717
1
3459.626465
2385.028809
-748.815918
0.09511
-17.808645
-148.390472
1
3376.298096
2333.74585
-780.246643
0.09511
-17.808645
-148.390472
1
3294.254395
2283.253418
-811.192871
0.09511
-17.808645
-148.390472
1
3212.114258
2232.70166
-842.175415
0.09511
-17.808645
-148.390472
1
3128.206543
2181.062012
-873.824768
0.09511
-17.808645
-148.390472
1
3044.353027
2129.454834
-904.913574
0.094959
-17.523279
-148.389954
1
2960.240723
2077.352783
-934.866943
0.045169
-16.842985
-148.224533
1
2873.741211
2023.21875
-964.346619
-0.031372
-16.113794
-147.960373
1
2792.406006
1971.655884
-990.830078
-0.123872
-15.376394
-147.627121
1
2707.14624
1916.777588
-1017.375
-0.228607
-14.670686
-147.232208
1
2626.360596
1863.954346
-1041.314453
-0.332885
-13.929378
-146.820541
1
2544.140625
1809.6875
-1064.510498
-0.392181
-13.249474
-146.574341
1
2459.17749
1753.437622
-1087.231323
-0.410736
-12.570218
-146.493423
1
2371.76123
1695.381348
-1109.287109
-0.428833
-11.869502
-146.410431
1
2286.986572
1638.866577
-1129.897583
-0.449341
-11.436065
-146.310669
1
2205.536621
1584.489136
-1149.70813
-0.45697
-11.435758
-146.272202
1
2116.898193
1525.312622
-1171.266968
-0.45697
-11.435758
-146.272202
1
2034.72937
1470.4552
-1191.252319
-0.45697
-11.435758
-146.272202
1
1952.406982
1415.495361
-1211.275024
-0.45697
-11.435758
-146.272202
1
1869.17749
1359.929932
-1231.518311
-0.45697
-11.435758
-146.272202
1
1783.526367
1302.747803
-1252.350586
-0.45697
-11.435758
-146.272202
1
1695.76001
1243.793213
-1273.735352
-0.489166
-11.434446
-146.109863
1
1610.873047
1185.661011
-1294.535889
-0.591034
-11.429679
-145.595871
1
1528.229126
1128.050903
-1314.893799
-0.685303
-11.424501
-145.120087
1
1446.831909
1070.295288
-1335.051758
-0.779938
-11.418518
-144.642258
1
1362.003296
1009.03949
-1356.171997
-0.874116
-11.41177
-144.166473
1
1280.805298
949.323181
-1376.502441
-0.972778
-11.403902
-143.66774
1
1198.900635
888.44873
-1397.077271
-1.029877
-11.39895
-143.378967
1
1117.373169
827.609863
-1417.58313
-1.051757
-11.396962
-143.268311
1
1035.001587
765.89386
-1438.327393
-1.073547
-11.394955
-143.15802
1
949.125122
701.290283
-1459.981934
-1.095581
-11.392878
-143.046432
1
866.455261
639.098999
-1480.827881
-1.095581
-11.392878
-143.046432
1
783.415344
576.629395
-1501.76709
-1.095581
-11.392878
-143.046432
1
693.149231
508.723602
-1524.528564
-1.095581
-11.392878
-143.046432
1
599.540955
438.303528
-1548.13269
-1.095581
-11.392878
-143.046432
1
511.273651
371.901398
-1570.390137
-1.095581
-11.392878
-143.046432
1
423.282928
305.708862
-1592.512817
-1.095459
-11.360469
-143.047073
1
334.555298
238.981308
-1613.996338
-1.093933
-10.952058
-143.055038
1
247.475464
173.514709
-1634.151855
-1.092224
-10.481689
-143.064178
1
159.052002
107.059578
-1653.697144
-1.090637
-10.020809
-143.073105
1
67.539101
38.306831
-1672.888916
-1.088989
-9.518223
-143.082825
1
-21.631538
-28.662445
-1690.573853
-1.087433
-9.011136
-143.09259
1
-110.423149
-95.323494
-1707.179077
-1.085968
-8.505921
-143.10231
1
-202.920517
-164.766663
-1724.477417
-1.085968
-8.505921
-143.10231
1
-303.027802
-239.92305
-1743.198853
-1.085968
-8.505921
-143.10231
1
-393.448425
-307.807098
-1760.108765
-1.085968
-8.505921
-143.10231
1
-489.803528
-380.146484
-1778.12854
-1.085968
-8.505921
-143.10231
1
-580.321106
-448.103302
-1795.056641
-1.085968
-8.505921
-143.10231
1
-670.928528
-516.127625
-1812.001465
-1.085968
-8.505921
-143.10231
1
-760.140015
-583.103882
-1828.685303
-1.085968
-8.505921
-143.10231
1
-842.45282
-644.90094
-1844.078979
-1.085968
-8.505921
-143.10231
1
-928.394165
-709.422119
-1860.151245
-1.085968
-8.505921
-143.10231
1
-1012.126587
-772.284912
-1875.810425
-1.085968
-8.505921
-143.10231
1
-1086.078125
-827.804626
-1889.640381
-1.085968
-8.505921
-143.10231
1
-1118.723633
-852.313538
-1895.745605
-1.085968
-8.505921
-143.10231
