0
56.631218
-10.803375
-183.380966
0.0
16.080273
-10.800416
0
113.262436
-21.60675
-166.761932
0.0
16.080273
-10.800416
0
169.893646
-32.410126
-150.142899
0.0
16.080273
-10.800416
0
227.008179
-43.346252
-135.366867
0.000001
14.256715
-10.839661
0
284.148132
-54.325333
-120.721558
0.000001
14.127966
-10.876497
0
341.335907
-65.369492
-106.313751
0.0
13.894216
-10.930486
0
398.539551
-76.4375
-91.987411
0.0
13.814084
-10.950563
0
456.030212
-87.967232
-79.263824
0.0
12.243073
-11.340244
0
513.53833
-99.541191
-66.659859
-0.0
12.126228
-11.379245
0
571.108093
-111.183937
-54.40543
-0.0
11.78504
-11.433172
0
629.071838
-123.101593
-44.497204
-0.0
9.505198
-11.618444
0
687.056152
-135.085419
-34.791008
0.0
9.309643
-11.677158
0
745.092041
-147.146545
-25.497543
0.0
8.91048
-11.740241
0
803.215027
-159.394287
-17.029226
0.0
8.113738
-11.89939
0
861.349487
-171.701187
-8.727275
0.0
7.953297
-11.952914
0
919.492065
-184.009842
-0.484859
0.0
7.895903
-11.952948
0
977.642456
-196.361481
7.637093
0.0
7.779776
-11.99192
0
1035.792847
-208.71312
15.759044
0.0
7.779776
-11.99192
0
1094.013794
-221.079941
23.334068
0.0
7.252971
-11.9921
0
1152.235596
-233.467117
30.86969
-0.0
7.215043
-12.011116
0
1210.457397
-245.854294
38.405312
-0.0
7.215043
-12.011116
0
1268.679199
-258.241486
45.940933
-0.0
7.215043
-12.011116
0
1326.901001
-270.628662
53.476555
-0.0
7.215043
-12.011116
0
1385.122803
-283.015839
61.012177
-0.0
7.215043
-12.011116
0
1443.353394
-295.445801
68.407936
0.0
7.080433
-12.049625
0
1501.69812
-308.014618
74.565857
0.0
5.890744
-12.157113
0
1560.065918
-320.58844
80.490211
-0.0
5.666577
-12.157141
0
1618.464478
-333.168945
86.087814
0.0
5.353092
-12.157171
0
1676.974854
-345.706909
90.484848
0.0
4.202622
-12.094823
0
1735.478394
-358.222961
95.033218
0.0
4.347545
-12.075691
0
1793.974976
-370.715088
99.734146
0.000001
4.493663
-12.054662
0
1852.471558
-383.207214
104.435074
0.000001
4.493663
-12.054662
0
1910.96814
-395.699341
109.136002
0.000001
4.493663
-12.054662
0
1969.44873
-408.086426
114.291214
0.000001
4.928944
-11.959384
0
2027.919189
-420.453033
119.60817
0.0
5.08399
-11.942206
0
2086.343506
-432.809967
125.431831
0.000001
5.569957
-11.9423
0
2144.712646
-445.155334
131.806686
0.0
6.099051
-11.94239
0
2203.070557
-457.498352
138.287842
0.0
6.201149
-11.942418
0
2261.394531
-469.877686
145.001328
0.0
6.424359
-11.983312
0
2319.718506
-482.257019
151.714813
0.0
6.424359
-11.983312
0
2378.026611
-494.633087
158.569977
-0.0
6.560526
-11.983375
0
2436.328125
-507.007782
165.483063
0.0
6.616199
-11.983407
0
2494.622803
-519.381042
172.455978
-0.0
6.673723
-11.983438
0
2552.898193
-531.771118
179.560013
0.0
6.799801
-12.003087
0
2611.158691
-544.158081
186.789719
0.0
6.920682
-12.003119
0
2669.416992
-556.544556
194.039154
0.0
6.939656
-12.003149
0
2727.640869
-568.944275
201.537323
0.0
7.178993
-12.022468
0
2785.786133
-581.365601
209.589355
0.0
7.712383
-12.05863
0
2843.867188
-593.773315
218.111908
0.0
8.166064
-12.058722
0
2901.920654
-606.175171
226.829208
0.0
8.35397
-12.058756
0
2959.91333
-618.564087
235.959167
0.0
8.75247
-12.058814
0
3017.825684
-630.91571
245.63382
0.0
9.279119
-12.039774
0
3075.7146
-643.26239
255.453842
-0.0
9.419807
-12.039801
0
3133.525146
-655.592407
265.745056
0.0
9.876227
-12.03986
0
3191.30835
-667.916626
276.195313
0.0
10.030405
-12.039892
0
3249.088867
-680.220276
286.684753
0.000001
10.068429
-12.020938
0
3306.976318
-692.68158
296.368042
0.000001
9.287493
-12.148596
0
3364.870117
-705.206848
305.929108
0.000001
9.169228
-12.207768
0
3422.925781
-718.008667
314.031891
0.000001
7.761294
-12.435309
0
3481.023682
-730.893127
321.687958
0.000001
7.330992
-12.50422
0
3539.154053
-743.806885
329.042236
0.000001
7.040531
-12.525003
0
3597.313232
-756.746094
336.118744
0.000001
6.773341
-12.542852
0
3655.509277
-769.693481
342.871338
0.000001
6.461939
-12.542886
0
3713.733398
-782.647217
349.362823
0.000001
6.211073
-12.542917
0
3771.976074
-795.605103
355.677246
0.000001
6.041022
-12.542947
0
3830.224854
-808.564392
361.932617
0.000001
5.984332
-12.542975
0
3888.489746
-821.507324
368.071075
0.000001
5.872064
-12.524327
0
3946.780518
-834.435608
373.98996
0.0
5.661325
-12.505226
0
4005.115234
-847.28717
379.638733
0.000001
5.402174
-12.42429
0
4063.509521
-860.034485
384.894318
0.000001
5.025141
-12.314369
0
4121.91748
-872.765198
390.034698
0.000001
4.914724
-12.296029
0
4180.335938
-885.481262
395.091888
0.000001
4.834995
-12.280125
0
4238.770508
-898.18335
399.994568
0.000001
4.686951
-12.26374
0
4297.206543
-910.885803
404.878296
0.0
4.668796
-12.263769
0
4355.642578
-923.588257
409.762024
0.0
4.668796
-12.263769
0
4414.077637
-936.251648
414.759613
0.000001
4.777894
-12.227455
0
4472.505859
-948.810486
420.09314
0.000001
5.099863
-12.130928
0
4530.904297
-961.319519
425.851593
0.000001
5.507393
-12.090216
0
4589.274414
-973.758972
432.030151
0.000001
5.910559
-12.030524
0
4647.627441
-986.160828
438.44162
0.000001
6.1342
-11.998633
0
4706.312988
-998.347229
441.176544
0.0
2.612561
-11.731088
0
4764.998535
-1010.53363
443.911469
0.0
2.612561
-11.731088
0
4823.684082
-1022.720032
446.646393
0.0
2.612561
-11.731088
0
4882.369629
-1034.906372
449.381317
0.0
2.612561
-11.731088
0
4941.054688
-1047.092651
452.135773
-0.0
2.631248
-11.731112
0
4999.73877
-1059.278809
454.909027
0.0
2.649205
-11.731145
0
5058.412598
-1071.384521
458.198761
0.0
3.143028
-11.657781
0
5117.074707
-1083.453979
461.819916
-0.0
3.460037
-11.626134
0
5175.722168
-1095.520386
465.680054
0.0
3.688719
-11.626164
0
5234.353027
-1107.583496
469.789185
-0.0
3.92699
-11.626196
0
5292.964355
-1119.6427
474.178253
0.0
4.194986
-11.626227
0
5351.553711
-1131.697266
478.868591
-0.0
4.483507
-11.626255
0
5410.113281
-1143.745728
483.930573
0.0
4.839599
-11.626287
0
5468.616211
-1155.841187
489.509552
0.0
5.335225
-11.681309
0
5527.062988
-1167.959961
495.601318
0.0
5.827237
-11.714144
0
5585.465332
-1180.06958
502.122864
0.0
6.239951
-11.714176
0
5643.802246
-1192.165649
509.229919
0.0
6.802718
-11.714211
0
5702.046875
-1204.242554
517.087097
0.0
7.524634
-11.714239
0
5760.207031
-1216.204346
525.707886
0.000001
8.260847
-11.621954
0
5818.265137
-1228.111328
535.059875
0.000001
8.967074
-11.58991
0
5876.18457
-1240.011108
545.2453
0.000001
9.773706
-11.610112
0
5933.972168
-1251.851074
556.217712
0.000001
10.537158
-11.578985
0
5991.622559
-1263.645752
567.935547
0.000001
11.262107
-11.562565
0
6049.119629
-1275.307739
580.508911
0.000001
12.096333
-11.46561
0
6106.390625
-1286.923828
594.114746
0.000001
13.1066
-11.46564
0
6163.391602
-1298.328979
608.973633
0.000001
14.338356
-11.314698
0
6220.392578
-1309.734131
623.83252
0.000001
14.338356
-11.314713
0
6277.393555
-1321.139282
638.691406
0.000001
14.338356
-11.314713
0
6334.394531
-1332.544434
653.550293
0.000001
14.338356
-11.314713
0
6391.395508
-1343.949585
668.40918
0.000001
14.338356
-11.314713
0
6448.396484
-1355.354736
683.268066
0.000001
14.338356
-11.314713
0
6505.397461
-1366.759888
698.126953
0.000001
14.338356
-11.314713
0
6562.398438
-1378.165039
712.98584
0.000001
14.338356
-11.314713
0
6619.399414
-1389.57019
727.844727
0.000001
14.338356
-11.314713
1
22488.347656
-4424.402832
1831.13916
0.000052
1.207762
-7.792069
1
22547.779297
-4432.575195
1832.185059
0.000052
0.998751
-7.829362
1
22607.208984
-4440.787109
1833.032104
0.000052
0.808858
-7.867356
1
22666.642578
-4448.999512
1833.540649
0.000052
0.48564
-7.867355
1
22726.070313
-4457.269531
1833.637573
0.000052
0.092556
-7.922687
1
22785.494141
-4465.55957
1833.473022
0.000052
-0.157101
-7.941911
1
22844.912109
-4473.882324
1832.961182
0.000052
-0.488789
-7.973498
1
22904.320313
-4482.243652
1832.131836
0.000052
-0.791954
-8.011401
1
22963.724609
-4490.604492
1831.047241
0.000052
-1.035771
-8.0114
1
23023.115234
-4499.001953
1829.590454
0.000052
-1.391296
-8.047962
1
23082.490234
-4507.417969
1827.667847
0.000052
-1.836235
-8.067307
1
23141.851563
-4515.748047
1825.049561
0.000052
-2.501126
-7.988176
1
23201.224609
-4523.760254
1821.779297
0.000052
-3.124422
-7.68544
1
23260.572266
-4531.84668
1818.258545
0.000052
-3.363984
-7.759171
1
23319.919922
-4539.933105
1814.737793
0.000052
-3.363984
-7.759171
1
23379.267578
-4548.019531
1811.217041
0.000052
-3.363984
-7.759171
1
23438.615234
-4556.105957
1807.696289
0.000052
-3.363984
-7.759171
1
23497.974609
-4564.272461
1804.582275
0.000052
-2.975039
-7.833266
1
23557.289063
-4572.629883
1801.142334
0.000052
-3.286639
-8.020249
1
23616.558594
-4581.057617
1797.134033
0.000052
-3.830534
-8.092791
1
23675.822266
-4589.484375
1793.031372
0.000052
-3.920863
-8.09279
1
23735.085938
-4597.911133
1788.928711
0.000052
-3.920863
-8.09279
1
23794.349609
-4606.337891
1784.82605
0.000052
-3.920863
-8.09279
1
23853.605469
-4614.783203
1780.645386
0.000052
-3.995503
-8.111468
1
23912.830078
-4623.269531
1776.134521
0.000052
-4.311673
-8.154588
1
23972.015625
-4631.84668
1771.28064
0.000052
-4.640219
-8.24587
1
24031.171875
-4640.458008
1766.142822
0.000052
-4.91232
-8.282155
1
24090.328125
-4649.069336
1761.005005
0.000052
-4.91232
-8.282155
1
24149.484375
-4657.680664
1755.867188
0.000052
-4.91232
-8.282155
1
24208.644531
-4666.29248
1750.785645
0.000052
-4.858368
-8.282154
1
24267.828125
-4674.907715
1745.973633
0.000052
-4.600037
-8.282155
1
24327.019531
-4683.523926
1741.256836
0.000052
-4.508812
-8.282157
1
24386.210938
-4692.140137
1736.55896
0.000052
-4.490692
-8.282157
1
24445.40625
-4700.756836
1731.899414
0.000052
-4.45398
-8.282156
1
24504.607422
-4709.35498
1727.278564
0.000052
-4.416919
-8.263629
1
24563.808594
-4717.953125
1722.657715
0.000052
-4.416919
-8.263629
1
24623.009766
-4726.55127
1718.036865
0.000052
-4.416919
-8.263629
1
24682.210938
-4735.149414
1713.416016
0.000052
-4.416919
-8.263629
1
24741.412109
-4743.747559
1708.814087
0.000052
-4.398826
-8.263629
1
24800.623047
-4752.347168
1704.339966
0.000052
-4.276484
-8.263629
1
24859.84375
-4760.948242
1699.982422
0.000052
-4.164796
-8.263629
1
24919.072266
-4769.550293
1695.738403
0.000052
-4.056121
-8.263629
1
24978.310547
-4778.153809
1691.643555
0.000052
-3.913391
-8.263631
1
25037.5625
-4786.759277
1687.761963
0.000052
-3.709257
-8.263629
1
25096.832031
-4795.367188
1684.140747
0.000052
-3.460071
-8.263628
1
25156.109375
-4804.03418
1680.824219
0.000052
-3.168702
-8.318258
1
25215.402344
-4812.742188
1677.891235
0.000052
-2.801914
-8.354938
1
25274.701172
-4821.499512
1675.261597
0.000052
-2.511918
-8.400746
1
25334.009766
-4830.296387
1672.991455
0.000052
-2.16836
-8.436909
1
25393.328125
-4839.094727
1670.998413
0.000052
-1.903533
-8.436909
1
25452.652344
-4847.894043
1669.214111
0.000052
-1.704159
-8.436909
1
25511.982422
-4856.694336
1667.648071
0.000052
-1.495572
-8.436909
1
25571.318359
-4865.495117
1666.310303
0.000052
-1.277525
-8.436907
1
25630.660156
-4874.296875
1665.242798
0.000052
-1.019433
-8.436908
1
25690.005859
-4883.099121
1664.468872
0.000052
-0.739006
-8.436911
1
25749.351563
-4891.92041
1663.973511
0.000052
-0.473052
-8.454793
1
25808.699219
-4900.742188
1663.783936
0.000052
-0.181027
-8.454793
1
25868.044922
-4909.58252
1663.834595
0.000052
0.04833
-8.472981
1
25927.386719
-4918.442383
1664.138794
0.000052
0.290522
-8.491629
1
25986.726563
-4927.301758
1664.646729
0.000052
0.484991
-8.491628
1
26046.0625
-4936.160645
1665.500244
0.000052
0.815087
-8.491629
1
26105.388672
-4945.041016
1666.728882
0.000052
1.173379
-8.51299
1
26164.710938
-4953.92041
1668.136719
0.000052
1.344468
-8.51299
1
26224.027344
-4962.798828
1669.807007
0.000052
1.59517
-8.512991
1
26283.333984
-4971.67627
1671.760498
0.000052
1.865782
-8.51299
1
26342.636719
-4980.552734
1673.848145
0.000052
1.993937
-8.512991
1
26401.9375
-4989.429199
1675.973999
0.000052
2.030513
-8.512991
1
26461.238281
-4998.305664
1678.099854
0.000052
2.030513
-8.512991
1
26520.539063
-5007.182129
1680.225708
0.000052
2.030513
-8.512991
1
26579.839844
-5016.058594
1682.370728
0.000052
2.048736
-8.512991
1
26639.138672
-5024.915527
1684.62915
0.000052
2.157172
-8.494711
1
26698.435547
-5033.75293
1687.019531
0.000052
2.283237
-8.476704
1
26757.722656
-5042.588867
1689.646729
0.000052
2.509644
-8.476704
1
26816.986328
-5051.459961
1692.657471
0.000052
2.876227
-8.513051
1
26876.224609
-5060.365723
1696.050415
0.000052
3.241724
-8.549612
1
26935.429688
-5069.344238
1699.810181
0.000052
3.592611
-8.623493
1
26994.554688
-5078.570313
1704.195435
0.000052
4.191386
-8.869162
1
27053.601563
-5088.335449
1708.449219
0.000052
4.065526
-9.390555
1
27112.648438
-5098.100586
1712.703003
0.000052
4.065526
-9.390555
1
27171.695313
-5107.865723
1716.956787
0.000052
4.065526
-9.390555
1
27230.611328
-5118.369141
1721.255615
0.000052
4.108598
-10.10803
1
27289.544922
-5128.875488
1725.306641
0.000052
3.871447
-10.108031
1
27348.542969
-5139.412598
1728.176514
0.000052
2.74157
-10.126309
1
27407.583984
-5149.997559
1729.604004
0.000052
1.363231
-10.164094
1
27466.648438
-5160.554688
1729.65979
0.000052
0.053228
-10.134029
1
27525.722656
-5171.013672
1728.751953
0.000052
-0.866942
-10.040161
1
27584.822266
-5181.268555
1727.337646
0.000052
-1.350677
-9.843686
1
27643.982422
-5191.043457
1725.227173
0.000052
-2.015739
-9.381859
1
27703.179688
-5200.418457
1722.428345
0.000052
-2.673616
-8.999382
1
27762.376953
-5209.793457
1719.629517
0.000052
-2.673616
-8.999382
1
27821.574219
-5219.168457
1716.830688
0.000052
-2.673616
-8.999382
1
27880.771484
-5228.543457
1714.03186
0.000052
-2.673616
-8.999382
1
27939.96875
-5237.918457
1711.233032
0.000052
-2.673616
-8.999382
1
27999.148438
-5247.463867
1708.661743
0.000052
-2.456177
-9.162469
1
28058.296875
-5256.824219
1704.943115
0.000052
-3.55331
-8.992517
1
28117.324219
-5266.165527
1699.610596
0.000052
-5.098934
-8.992517
1
28176.242188
-5275.64209
1693.376587
0.000052
-5.963779
-9.137171
1
28235.101563
-5285.05957
1686.523926
0.000053
-6.558136
-9.090265
1
28293.929688
-5294.453125
1679.389526
0.000053
-6.829041
-9.072228
1
28352.757813
-5303.84668
1672.255127
0.000053
-6.829041
-9.072228
1
28411.585938
-5313.240234
1665.120728
0.000053
-6.829041
-9.072228
1
28470.435547
-5322.675293
1658.212402
0.000052
-6.611664
-9.108484
1
28529.306641
-5332.151855
1651.549072
0.000053
-6.37622
-9.144709
1
28588.205078
-5341.89502
1645.550537
0.000053
-5.737796
-9.393
1
28647.115234
-5351.680664
1639.731445
0.000052
-5.565552
-9.431298
1
28706.173828
-5361.39209
1635.510132
0.000052
-4.034394
-9.337945
1
28765.269531
-5371.187988
1632.072754
0.000052
-3.284289
-9.412135
1
28824.414063
-5380.973633
1629.580444
0.000052
-2.380669
-9.394769
1
28883.580078
-5390.762695
1627.696777
0.000052
-1.799072
-9.39477
1
28942.755859
-5400.572754
1626.310913
0.000052
-1.32354
-9.412563
1
29001.941406
-5410.384277
1625.427124
0.000052
-0.843931
-9.412562
1
29061.138672
-5420.148926
1624.952271
0.000052
-0.453402
-9.366693
1
29120.337891
-5429.914063
1624.75708
0.000052
-0.18643
-9.366695
1
29179.537109
-5439.679199
1624.958496
0.000052
0.192311
-9.366691
1
29238.736328
-5449.444336
1625.178589
0.000052
0.210226
-9.366695
0
9725.422852
-1242.498901
524.244202
0.000008
-1.792078
-14.601489
0
9783.480469
-1257.524658
522.367859
0.000007
-1.792078
-14.51018
0
9841.538086
-1272.550415
520.491516
0.000007
-1.792078
-14.51018
0
9899.595703
-1287.576172
518.615173
0.000007
-1.792078
-14.51018
0
9957.655273
-1302.582764
516.643921
0.000008
-1.882755
-14.492085
0
10015.724609
-1317.535156
514.562317
0.000008
-1.988159
-14.439443
0
10073.797852
-1332.439819
512.260498
0.000008
-2.198604
-14.394398
0
10131.868164
-1347.324341
509.751617
0.000008
-2.396508
-14.376456
0
10189.9375
-1362.160889
506.950134
0.000007
-2.67617
-14.332354
0
10248.006836
-1376.978882
504.05838
0.000008
-2.762477
-14.315145
0
10306.076172
-1391.796875
501.166626
0.000008
-2.762477
-14.315145
0
10364.145508
-1406.614868
498.274872
0.000008
-2.762477
-14.315145
0
10422.220703
-1421.415161
495.401703
0.000008
-2.744718
-14.297413
0
10480.294922
-1436.215332
492.510254
0.000008
-2.762203
-14.297445
0
10538.352539
-1451.068237
489.55188
0.000007
-2.826168
-14.350392
0
10596.410156
-1465.921509
486.612091
0.000007
-2.80841
-14.350423
0
10654.474609
-1480.757446
483.708984
0.000007
-2.773344
-14.332938
0
10712.551758
-1495.596802
481.102417
0.000007
-2.489863
-14.332969
0
10770.649414
-1510.441284
479.018158
0.000007
-1.990727
-14.332997
0
10828.769531
-1525.253052
477.391113
0.000007
-1.553888
-14.297354
0
10886.916016
-1539.999268
476.141907
0.000007
-1.192988
-14.230579
0
10945.087891
-1554.677002
475.36557
0.000007
-0.741356
-14.161154
0
11003.28125
-1569.286255
475.001648
0.000007
-0.347534
-14.092702
0
11061.483398
-1583.865356
475.060333
0.000007
0.056049
-14.062855
0
11119.6875
-1598.42688
475.561493
0.000007
0.478591
-14.04601
0
11177.890625
-1612.972534
476.486908
0.000007
0.883744
-14.031604
0
11236.09082
-1627.498901
477.77832
0.000007
1.233307
-14.014179
0
11294.270508
-1642.076782
479.400452
0.000007
1.549189
-14.066884
0
11352.438477
-1656.651978
481.402069
0.000007
1.91177
-14.066914
0
11410.570313
-1671.295532
483.905884
0.000007
2.391666
-14.138875
0
11468.674805
-1685.96521
486.857483
0.000007
2.819721
-14.169516
0
11526.741211
-1700.699097
490.201721
0.000007
3.195169
-14.237843
0
11584.783203
-1715.426758
493.978485
0.000007
3.608922
-14.237871
0
11642.78125
-1730.201294
498.218079
0.000007
4.0519
-14.291768
0
11700.735352
-1745.002686
502.937012
0.000007
4.510896
-14.327106
0
11758.637695
-1759.82373
508.193024
0.000007
5.025564
-14.357439
0
11816.478516
-1774.687622
513.978821
0.000007
5.533655
-14.411946
0
11874.27832
-1789.541016
520.184021
0.000007
5.936138
-14.411977
0
11932.045898
-1804.386108
526.707031
0.000007
6.241324
-14.412007
0
11989.801758
-1819.249268
533.291138
0.000007
6.300043
-14.43163
0
12047.557617
-1834.112427
539.875244
0.000007
6.300043
-14.43163
0
12105.313477
-1848.975586
546.459351
0.000007
6.300043
-14.43163
0
12163.067383
-1863.74231
553.275635
0.000008
6.523165
-14.342426
0
12220.836914
-1878.068359
560.854919
0.000007
7.257089
-13.927663
0
12278.660156
-1892.241699
568.308777
0.000008
7.136366
-13.772512
0
12336.478516
-1906.41394
575.800781
0.000007
7.173064
-13.772543
0
12394.296875
-1920.586182
583.292786
0.000007
7.173064
-13.772543
0
12452.115234
-1934.758423
590.78479
0.000007
7.173064
-13.772543
0
12509.933594
-1948.930664
598.276794
0.000007
7.173064
-13.772543
0
12567.751953
-1963.102905
605.768799
0.000007
7.173064
-13.772543
0
12625.570313
-1977.275146
613.260803
0.000007
7.173064
-13.772543
0
12683.319336
-1991.5271
621.128784
0.000008
7.535099
-13.863089
0
12740.915039
-2006.060547
629.586243
0.000008
8.103254
-14.162159
0
12798.418945
-2020.666504
638.525696
0.000007
8.568465
-14.251669
0
12855.866211
-2035.274048
647.822144
0.000007
8.913383
-14.266714
0
12913.266602
-2049.869873
657.420898
0.000007
9.205701
-14.266742
0
12970.603516
-2064.46875
667.388245
0.000007
9.562414
-14.284778
0
13027.879883
-2079.109863
677.635315
0.000007
9.83345
-14.339041
0
13085.101563
-2093.769043
688.161316
0.000007
10.103898
-14.369129
0
13142.253906
-2108.489502
698.97467
0.000007
10.38272
-14.44353
0
13199.367188
-2123.215576
709.984558
0.000008
10.573604
-14.458268
0
13256.450195
-2137.933838
721.161621
0.000008
10.736046
-14.458302
0
13313.479492
-2152.618408
732.653137
0.000008
11.041834
-14.439656
0
13370.477539
-2167.144043
744.495789
0.000008
11.383657
-14.297291
0
13427.56543
-2181.59668
755.990112
0.000008
11.044552
-14.206902
0
13484.65332
-2196.049316
767.484436
0.000008
11.044552
-14.206902
0
13541.741211
-2210.501953
778.97876
0.000008
11.044552
-14.206902
0
13598.829102
-2224.95459
790.473083
0.000008
11.044552
-14.206902
0
13655.916992
-2239.407227
801.967407
0.000008
11.044552
-14.206902
0
13712.956055
-2253.847656
813.717102
0.000008
11.293137
-14.206928
0
13769.737305
-2268.605713
826.288391
0.000008
12.094284
-14.569386
0
13826.198242
-2283.835449
839.713013
0.000008
12.928988
-15.095658
0
13882.483398
-2299.241455
853.662537
0.000008
13.44384
-15.307698
0
13938.658203
-2314.731445
867.960815
0.000007
13.78651
-15.415976
0
13994.742188
-2330.292236
882.53656
0.000007
14.059506
-15.507039
0
14050.724609
-2345.939453
897.406555
0.000007
14.349319
-15.615772
0
14106.527344
-2361.793945
912.726624
0.000007
14.793383
-15.860826
0
14162.208008
-2377.762695
928.369202
0.000007
15.112162
-16.002552
0
14217.773438
-2393.848145
944.2995
0.000006
15.396974
-16.145008
0
14273.262695
-2409.958008
960.469177
0.000007
15.63422
-16.189531
0
14328.667969
-2426.099854
976.890076
0.000007
15.883447
-16.242998
0
14384.0
-2442.23584
993.56311
0.000007
16.133938
-16.257771
0
14439.232422
-2458.324463
1010.607239
0.000007
16.503199
-16.240191
0
14494.46582
-2474.584229
1027.487183
0.000008
16.339731
-16.403704
0
14549.699219
-2490.843994
1044.367065
0.000008
16.339731
-16.403704
0
14604.932617
-2507.10376
1061.246948
0.000008
16.339731
-16.403704
0
14660.166016
-2523.363525
1078.126831
0.000008
16.339731
-16.403704
0
14715.399414
-2539.623291
1095.006714
0.000008
16.339731
-16.403704
0
14770.553711
-2555.542725
1112.460327
0.000008
16.911446
-16.100021
0
14825.513672
-2571.237549
1130.710449
0.000008
17.708193
-15.93776
0
14880.240234
-2586.957031
1149.629517
0.000008
18.379955
-16.026199
0
14934.836914
-2602.59375
1168.987427
0.000009
18.822197
-15.98201
0
14989.324219
-2618.199219
1188.674072
0.000008
19.1542
-15.982039
0
15043.74707
-2633.67627
1208.640015
0.000009
19.43675
-15.875048
0
15098.112305
-2649.091553
1228.809692
0.000009
19.643152
-15.830859
0
15152.429688
-2664.331787
1249.238647
0.000009
19.906298
-15.672992
0
15206.677734
-2679.423096
1269.959473
0.00001
20.202967
-15.545858
0
15260.870117
-2694.410645
1290.901123
0.00001
20.427851
-15.459398
0
15315.0625
-2709.310059
1311.906494
0.00001
20.4928
-15.372849
0
15369.258789
-2724.192871
1332.911865
0.00001
20.4928
-15.355305
0
15423.572266
-2738.667725
1353.899902
0.000011
20.475117
-14.922777
0
15477.964844
-2752.817871
1374.905518
0.000011
20.493032
-14.582206
0
15532.37207
-2766.838135
1395.959717
0.000012
20.542517
-14.450275
0
15586.780273
-2780.548584
1417.214111
0.000011
20.746918
-14.143726
0
15641.188477
-2794.126465
1438.554321
0.000012
20.834515
-14.012379
0
15695.573242
-2807.611328
1460.012939
0.000012
20.955559
-13.925952
0
15749.979492
-2820.771973
1481.616699
0.000011
21.104082
-13.598375
0
15804.412109
-2833.709961
1503.289307
0.000012
21.174486
-13.370565
0
15858.866211
-2846.44165
1525.030518
0.000012
21.244789
-13.159688
0
15913.34375
-2858.928955
1546.852905
0.000012
21.327974
-12.910177
0
15967.817383
-2871.287354
1568.758423
0.000012
21.413223
-12.782337
0
16022.286133
-2883.609375
1590.698242
0.000012
21.448425
-12.747181
0
16076.723633
-2895.882324
1612.741089
0.000013
21.554115
-12.704946
0
16131.130859
-2908.106201
1634.887207
0.000013
21.660194
-12.662556
0
16185.535156
-2920.311768
1657.050537
0.000013
21.677893
-12.644918
0
16239.928711
-2932.452393
1679.274902
0.000014
21.740627
-12.582203
0
16294.165039
-2943.821777
1702.278687
0.000016
22.54426
-11.839405
0
16348.504883
-2955.172607
1725.04541
0.000016
22.299377
-11.798633
0
16402.851563
-2966.524902
1747.795532
0.000016
22.282194
-11.798661
0
16457.21875
-2977.898926
1770.484375
0.000016
22.218912
-11.816182
0
16511.599609
-2989.275879
1793.138428
0.000016
22.183128
-11.81621
0
16565.978516
-3000.669189
1815.79248
0.000016
22.183128
-11.833361
0
16620.357422
-3012.0625
1838.446533
0.000016
22.183128
-11.833361
0
16674.736328
-3023.455811
1861.100586
0.000016
22.183128
-11.833361
0
16729.101563
-3034.846191
1883.788574
0.000016
22.218132
-11.833391
0
16783.361328
-3046.197266
1906.746704
0.000016
22.496969
-11.816028
0
16837.429688
-3057.525391
1930.160278
0.000015
22.968607
-11.832934
0
16891.345703
-3068.838867
1953.931152
0.000015
23.339609
-11.850665
0
16945.173828
-3080.08667
1977.932495
0.000015
23.579594
-11.802723
0
16998.802734
-3091.292969
2002.393311
0.000015
24.059252
-11.802753
0
17052.294922
-3102.453613
2027.174561
0.000015
24.394695
-11.785388
0
17105.787109
-3113.614502
2051.955811
0.000015
24.394655
-11.78548
0
17159.285156
-3124.776855
2076.720459
0.000014
24.377258
-11.78551
0
17212.873047
-3135.871826
2101.321533
0.000014
24.206074
-11.697466
0
17267.074219
-3146.770996
2124.632324
0.000015
22.861994
-11.369798
0
17321.433594
-3157.687988
2147.564941
0.000015
22.470713
-11.355849
0
17376.033203
-3168.754395
2169.844238
0.000015
21.797066
-11.457625
0
17430.6875
-3179.916504
2191.943604
0.000016
21.612309
-11.542956
0
17485.53125
-3191.421387
2213.388184
0.000016
20.941189
-11.847522
