CloudWH
2000
100
CloudWH
saf
623.980957
-134.079956
1402.022339
0.0
0.0
-11.708775
33256.164063
-1970.36084
1503.480713
saf
0
59.176617
-9.905751
899.934631
0.0
-0.062407
-9.502834
0
118.353233
-19.811502
899.869263
0.0
-0.062407
-9.502834
0
177.529022
-29.722233
899.803894
-0.0
-0.062407
-9.507659
0
236.704803
-39.632965
899.738525
-0.0
-0.062407
-9.507659
0
295.880585
-49.543697
899.673157
-0.0
-0.062407
-9.507659
0
355.056366
-59.45443
899.607788
-0.0
-0.062407
-9.507659
0
414.232147
-69.365158
899.542419
-0.0
-0.062407
-9.507659
0
473.407928
-79.275887
899.477051
-0.0
-0.062407
-9.507659
0
532.58374
-89.186615
899.411682
-0.0
-0.062407
-9.507659
0
591.759521
-99.097343
899.346313
-0.0
-0.062407
-9.507659
0
650.935303
-109.008072
899.280945
-0.0
-0.062407
-9.507659
0
710.108765
-118.93264
899.215576
0.0
-0.062407
-9.521052
0
769.272949
-128.912552
899.155457
0.0
-0.057435
-9.574644
0
828.424683
-138.96582
899.095337
0.0
-0.057435
-9.645686
0
887.558105
-149.12616
899.040833
0.0
-0.052032
-9.74942
0
946.671143
-159.404434
898.986328
0.0
-0.052032
-9.863706
0
1005.543579
-170.980881
898.848206
0.0
-0.131898
-11.124514
0
1064.395752
-182.660034
898.706055
0.0
-0.135743
-11.224491
0
1123.224121
-194.458176
898.559387
0.0
-0.140053
-11.340363
0
1182.029419
-206.370956
898.41272
0.0
-0.140053
-11.452029
0
1240.38562
-220.317932
898.224548
0.0
-0.179689
-13.441444
0
1298.697876
-234.447647
898.036377
-0.0
-0.179689
-13.620919
0
1356.962036
-248.774277
897.848206
0.0
-0.179689
-13.814491
0
1415.179199
-263.290894
897.6651
0.0
-0.174866
-14.001378
0
1472.885132
-279.72287
897.522644
0.0
-0.136016
-15.894532
0
1530.552856
-296.288086
897.380188
0.0
-0.136016
-16.02689
0
1588.18335
-312.982544
897.242615
0.0
-0.131379
-16.155338
0
1645.776489
-329.805511
897.109375
0.0
-0.12726
-16.283108
0
1703.332153
-346.756409
896.98468
0.0
-0.11905
-16.410431
0
1760.848389
-363.840515
896.87262
0.0
-0.106995
-16.543062
0
1818.32605
-381.054291
896.773254
0.0
-0.094878
-16.672268
0
1875.751953
-398.439697
896.687378
0.0
-0.082031
-16.843443
0
1932.794922
-417.043488
896.717041
0.0
0.028311
-18.063063
0
1989.793823
-435.781616
896.765259
0.0
0.04607
-18.198046
0
2046.745239
-454.663818
896.83136
0.0
0.063111
-18.342934
0
2103.643066
-473.706512
896.928589
0.0
0.09287
-18.504492
0
2160.484863
-492.915741
897.04834
0.0
0.114378
-18.672285
0
2217.265137
-512.305847
897.19751
0.0
0.14245
-18.85474
0
2273.980957
-531.883789
897.369751
-0.0
0.164491
-19.044407
0
2330.632813
-551.646057
897.555969
0.0
0.177797
-19.230684
0
2386.830566
-572.662903
897.863037
0.0
0.293234
-20.504744
0
2442.969482
-593.836548
898.18335
0.0
0.305863
-20.664722
0
2499.038574
-615.193909
898.522339
0.0
0.323737
-20.852379
0
2555.040771
-636.725647
898.875
0.0
0.33679
-21.030714
0
2610.980225
-658.419983
899.241455
0.0
0.349931
-21.197159
0
2666.863281
-680.258728
899.617615
0.0
0.359186
-21.345165
0
2722.696533
-702.224792
900.007446
0.0
0.372238
-21.475805
0
2778.479492
-724.317932
900.401672
0.0
0.376432
-21.606266
0
2833.72998
-747.709778
900.853577
0.0
0.431552
-22.946672
0
2888.917236
-771.250305
901.313599
0.0
0.43927
-23.101006
0
2944.033936
-794.955505
901.778076
0.0
0.443546
-23.272053
0
2999.069824
-818.847229
902.255798
-0.0
0.456209
-23.466175
0
3054.024902
-842.924133
902.749084
-0.0
0.471058
-23.659168
0
3108.912842
-867.153198
903.254517
-0.0
0.482655
-23.81789
0
3163.727539
-891.547485
903.773865
0.0
0.495947
-23.990524
0
3218.474365
-916.09314
904.306641
0.0
0.508794
-24.148949
0
3272.678467
-941.814087
904.890137
0.0
0.557227
-25.385212
0
3326.812988
-967.681396
905.479004
0.0
0.562316
-25.540026
0
3380.86084
-993.72876
906.07312
0.0
0.567329
-25.730764
0
3434.821777
-1019.955933
906.676941
-0.0
0.576639
-25.921623
0
3488.692627
-1046.367188
907.285461
0.0
0.581092
-26.117298
0
3542.474365
-1072.959473
907.898743
0.0
0.585675
-26.309937
0
3596.170166
-1099.724731
908.512024
0.0
0.585675
-26.494404
0
3649.774658
-1126.672607
909.125305
0.0
0.585675
-26.689447
0
3702.547607
-1155.213745
909.779541
0.0
0.624785
-28.405781
0
3755.222656
-1183.934692
910.443298
0.0
0.633883
-28.601303
0
3807.787109
-1212.8573
911.122742
-0.0
0.648854
-28.820942
0
3860.248047
-1241.966553
911.82489
0.0
0.670533
-29.024717
0
3912.605469
-1271.261475
912.542236
-0.0
0.685041
-29.227812
0
3964.863525
-1300.732666
913.279297
0.0
0.703885
-29.421021
0
4017.02832
-1330.36853
914.028992
0.0
0.715934
-29.601786
0
4068.496826
-1361.196167
914.843262
0.0
0.777556
-30.920036
0
4119.892578
-1392.144287
915.666565
-0.0
0.786223
-31.054321
0
4171.209473
-1423.222778
916.494812
0.0
0.790909
-31.199821
0
4222.452148
-1454.42395
917.332275
0.0
0.79976
-31.336945
0
4273.608887
-1485.765137
918.169739
0.0
0.79976
-31.493744
0
4324.681641
-1517.243042
919.01239
0.0
0.804706
-31.647003
0
4375.681152
-1548.839355
919.864624
0.0
0.813872
-31.779936
0
4426.044922
-1581.437622
920.789429
0.0
0.883157
-32.913342
0
4476.348145
-1614.12915
921.722473
0.0
0.891019
-33.019569
0
4526.566895
-1646.949707
922.670898
0.0
0.905738
-33.166821
0
4576.699707
-1679.900635
923.629089
0.0
0.91504
-33.315823
0
4626.750977
-1712.97522
924.601624
0.0
0.928742
-33.457336
0
4676.708984
-1746.190186
925.591919
0.0
0.945701
-33.618443
0
4726.562012
-1779.562012
926.592407
0.0
0.955434
-33.798553
0
4776.325195
-1813.067261
927.602905
0.0
0.965017
-33.952118
0
4825.225586
-1847.817261
928.698486
-0.0
1.046242
-35.398746
0
4874.037109
-1882.691162
929.806763
0.0
1.058358
-35.544189
0
4922.755859
-1917.694092
930.929443
0.0
1.072162
-35.696045
0
4971.379883
-1952.828125
932.065613
0.0
1.08503
-35.850464
0
5019.900391
-1988.104614
933.214966
0.0
1.097646
-36.018726
0
5068.311035
-2023.531372
934.378662
0.0
1.11132
-36.196491
0
5116.612305
-2059.107178
935.546997
0.0
1.115718
-36.373283
0
5164.796875
-2094.840332
936.730347
-0.0
1.130116
-36.56031
0
5212.144531
-2131.673584
937.954895
-0.0
1.169417
-37.880234
0
5259.396973
-2168.628662
939.184448
0.0
1.174239
-38.027969
0
5306.52832
-2205.737793
940.419312
0.0
1.179294
-38.215202
0
5353.540039
-2242.998047
941.663574
-0.0
1.188282
-38.399334
0
5400.431152
-2280.409668
942.918274
-0.0
1.198261
-38.584087
0
5447.230957
-2317.935303
944.177551
0.0
1.202619
-38.723614
0
5493.942871
-2355.570313
945.436829
0.0
1.202619
-38.857716
0
5540.566895
-2393.313965
946.70105
-0.0
1.207359
-38.991203
0
5587.101563
-2431.168213
947.969482
0.0
1.211348
-39.127102
0
5633.070801
-2469.705811
949.265991
-0.0
1.238142
-39.974285
0
5678.980469
-2508.313965
950.567139
-0.0
1.242616
-40.062275
0
5724.810059
-2547.017334
951.868286
0.0
1.242616
-40.181347
0
5770.564453
-2585.80957
953.180908
0.0
1.253565
-40.292526
0
5816.241211
-2624.692871
954.49353
-0.0
1.253565
-40.406914
0
5861.842773
-2663.663818
955.811401
0.0
1.258578
-40.517021
0
5907.35498
-2702.739502
957.129272
0.0
1.258578
-40.648712
0
5952.783203
-2741.912598
958.452698
0.0
1.263865
-40.771393
0
5997.828613
-2781.524902
959.791199
0.0
1.278263
-41.327961
0
6042.874023
-2821.137207
961.1297
0.0
1.278263
-41.327961
0
6087.919434
-2860.749512
962.468201
0.0
1.278263
-41.327961
0
6132.964844
-2900.361816
963.806702
0.0
1.278263
-41.327961
0
6178.010254
-2939.974121
965.145203
0.0
1.278263
-41.327961
0
6223.055664
-2979.586426
966.483704
0.0
1.278263
-41.327961
0
6268.121582
-3019.175049
967.827393
0.0
1.283235
-41.29808
0
6313.229492
-3058.71582
969.176392
0.0
1.288317
-41.237198
0
6358.850586
-3097.662842
970.539856
-0.0
1.302107
-40.487545
0
6404.548828
-3136.518799
971.907959
-0.0
1.30654
-40.373535
0
6450.333984
-3175.272461
973.280823
-0.0
1.311109
-40.245564
0
6496.196289
-3213.934814
974.653687
0.0
1.311109
-40.131325
0
6542.145508
-3252.493652
976.02655
0.0
1.311109
-40.002148
0
6588.192383
-3290.935547
977.399414
0.0
1.311109
-39.856461
0
6634.335449
-3329.261963
978.772278
0.0
1.311109
-39.712864
0
6680.5625
-3367.487549
980.145142
0.0
1.311109
-39.587669
0
6726.89209
-3405.588623
981.518005
0.0
1.311109
-39.433701
0
6773.918945
-3442.826416
982.875793
0.0
1.296691
-38.373608
0
6821.003906
-3479.990723
984.233582
0.0
1.296691
-38.284222
0
6868.155762
-3517.070068
985.586304
-0.0
1.291848
-38.180847
0
6915.382813
-3554.053711
986.939026
0.0
1.291848
-38.064556
0
6962.688965
-3590.936035
988.291748
0.0
1.291848
-37.941853
0
7010.091309
-3627.694824
989.638672
0.0
1.286336
-37.792255
0
7057.579102
-3664.343262
990.975647
0.0
1.276801
-37.658752
0
7105.172363
-3700.854736
992.307495
0.0
1.271931
-37.493641
0
7153.942871
-3735.780518
993.577209
-0.0
1.212577
-35.607361
0
7202.852539
-3770.511475
994.842041
0.0
1.207905
-35.378731
0
7251.891602
-3805.060059
996.092896
0.0
1.194559
-35.165222
0
7301.086426
-3839.386963
997.33313
-0.0
1.184403
-34.906517
0
7350.433105
-3873.49585
998.557983
0.0
1.169731
-34.652542
0
7399.961426
-3907.34082
999.768066
0.0
1.155613
-34.346485
0
7449.648926
-3940.952148
1000.968018
0.0
1.145969
-34.07653
0
7501.049316
-3971.881348
1002.142883
-0.0
1.121995
-31.036531
0
7552.581543
-4002.590576
1003.312744
0.0
1.117214
-30.791658
0
7604.282227
-4033.015625
1004.482605
0.0
1.117214
-30.476274
0
7656.10791
-4063.226807
1005.652466
0.0
1.117214
-30.239613
0
7708.058594
-4093.222656
1006.822327
0.0
1.117214
-30.001713
0
7760.13916
-4122.992188
1007.992188
0.0
1.117214
-29.75263
0
7812.34668
-4152.538574
1009.162048
0.0
1.117214
-29.507446
0
7865.625977
-4180.106445
1010.310181
-0.0
1.096471
-27.358007
0
7918.986328
-4207.51709
1011.453552
0.0
1.091888
-27.188997
0
7972.429688
-4234.766113
1012.591858
0.0
1.087059
-27.015257
0
8025.945801
-4261.872559
1013.72583
0.0
1.08294
-26.86282
0
8079.537109
-4288.830078
1014.859802
0.0
1.08294
-26.703272
0
8133.219727
-4315.605957
1015.98291
0.0
1.072551
-26.50909
0
8186.993164
-4342.199219
1017.096069
0.0
1.063051
-26.314266
0
8240.869141
-4368.583984
1018.204102
-0.0
1.058126
-26.092609
0
8294.857422
-4394.73877
1019.30188
0.0
1.048345
-25.84807
0
8349.768555
-4418.897949
1020.337341
0.0
0.988841
-23.747822
0
8404.749023
-4442.900391
1021.368408
-0.0
0.98464
-23.584158
0
8459.814453
-4466.706055
1022.394714
0.0
0.980084
-23.379259
0
8514.966797
-4490.310059
1023.415649
0.0
0.974955
-23.169664
0
8570.193359
-4513.739746
1024.431641
-0.0
0.970187
-22.988735
0
8625.495117
-4536.992188
1025.447632
0.0
0.970181
-22.804899
0
8680.870117
-4560.071289
1026.453003
0.0
0.960079
-22.625332
0
8736.996094
-4581.260742
1027.401367
0.0
0.90571
-20.683403
0
8793.212891
-4602.20752
1028.340698
0.0
0.897009
-20.435474
0
8849.555664
-4622.814941
1029.280029
0.0
0.897009
-20.089989
0
8906.013672
-4643.104492
1030.21936
0.0
0.897009
-19.767269
0
8962.569336
-4663.117676
1031.158691
-0.0
0.897009
-19.487309
0
9019.226563
-4682.841309
1032.098022
0.0
0.897009
-19.194214
0
9075.983398
-4702.27832
1033.037354
0.0
0.897009
-18.904423
0
9132.831055
-4721.447266
1033.976685
0.0
0.897009
-18.633984
0
9190.46875
-4738.09375
1034.884644
0.000001
0.867031
-16.109344
0
9248.179688
-4754.484375
1035.782471
0.000001
0.857435
-15.855318
0
9305.963867
-4770.616699
1036.669434
0.000001
0.846984
-15.599091
0
9363.81543
-4786.505859
1037.551514
0.000001
0.842347
-15.357915
0
9421.736328
-4802.141113
1038.417114
0.000001
0.826637
-15.106694
0
9479.729492
-4817.505859
1039.266602
0.000001
0.811167
-14.838906
0
9537.795898
-4832.590332
1040.099365
0.000001
0.795218
-14.562385
0
9596.446289
-4845.224121
1040.823975
0.000001
0.692014
-12.156471
0
9655.152344
-4857.597168
1041.543701
0.000001
0.687295
-11.901894
0
9713.919922
-4869.672363
1042.258301
0.000001
0.682363
-11.61106
0
9772.735352
-4881.515137
1042.96814
0.000001
0.677835
-11.384768
0
9831.595703
-4893.131348
1043.672729
0.000001
0.672821
-11.164125
0
9890.500977
-4904.516113
1044.377319
0.000001
0.672821
-10.938967
0
9949.450195
-4915.673828
1045.081909
0.000001
0.672821
-10.71799
0
10008.786133
-4924.54541
1045.819702
0.000001
0.704582
-8.503498
0
10068.15625
-4933.186523
1046.567139
0.000001
0.713721
-8.280965
0
10127.572266
-4941.500488
1047.331665
0.000001
0.730031
-7.965567
0
10187.023438
-4949.562988
1048.110229
0.000001
0.743507
-7.722979
0
10246.505859
-4957.388672
1048.898193
0.000001
0.752441
-7.495194
0
10306.021484
-4964.958008
1049.700806
0.000001
0.766415
-7.248
0
10365.569336
-4972.263672
1050.513794
0.000001
0.776367
-6.994184
0
10425.148438
-4979.311523
1051.342041
0.000001
0.790936
-6.746562
0
10484.759766
-4986.07959
1052.180664
0.000001
0.800901
-6.477549
0
10544.551758
-4990.980469
1053.102539
0.000001
0.880405
-4.685948
0
10604.366211
-4995.602539
1054.029663
0.000001
0.885315
-4.418705
0
10664.202148
-4999.935547
1054.961792
0.000001
0.890172
-4.141786
0
10724.05957
-5003.957031
1055.899048
0.000001
0.895048
-3.843416
0
10783.935547
-5007.691406
1056.852295
0.000001
0.910307
-3.568819
0
10843.826172
-5011.186523
1057.81958
0.000001
0.923776
-3.339846
0
10903.729492
-5014.442383
1058.796143
0.000001
0.93256
-3.111176
0
10963.645508
-5017.45752
1059.777588
0.000001
0.937259
-2.881044
0
11023.625
-5018.636719
1060.793579
0.000001
0.970235
-1.126282
0
11083.608398
-5019.580566
1061.828735
0.000001
0.988588
-0.901428
0
11143.595703
-5020.217285
1062.869995
0.000001
0.994339
-0.608276
0
11203.585938
-5020.570313
1063.921021
0.000001
1.003689
-0.337158
0
11263.576172
-5020.584473
1064.977539
0.000001
1.008894
-0.013672
0
11323.566406
-5020.314941
1066.033936
0.000001
1.008894
0.257461
0
11383.553711
-5019.698242
1067.096191
0.000001
1.014474
0.588895
0
11443.445313
-5016.302246
1068.305054
0.000001
1.154445
3.245557
0
11503.311523
-5012.501465
1069.553101
0.000001
1.191902
3.632612
0
11563.155273
-5008.367676
1070.843628
0.000001
1.23246
3.951309
0
11622.973633
-5003.900391
1072.175293
0.000001
1.271713
4.270925
0
11682.773438
-4999.20166
1073.533936
0.000001
1.297524
4.492908
0
11742.554688
-4994.271484
1074.920898
0.000001
1.324544
4.71447
0
11802.317383
-4989.128418
1076.338379
0.000001
1.353689
4.918478
0
11862.0625
-4983.800293
1077.782471
0.000001
1.379083
5.096231
0
11921.652344
-4976.981445
1079.389648
0.000001
1.534894
6.528034
0
11981.220703
-4969.986816
1081.020142
0.000001
1.557167
6.697306
0
12040.759766
-4962.753418
1082.679199
0.000001
1.584481
6.926782
0
12100.273438
-4955.317383
1084.363159
0.000001
1.608291
7.122062
0
12159.761719
-4947.685059
1086.062012
0.000001
1.622464
7.311205
0
12219.22168
-4939.841309
1087.776001
0.000001
1.637012
7.514971
0
12278.65625
-4931.806152
1089.506104
0.000001
1.652387
7.699548
0
12337.856445
-4922.228027
1091.390015
0.000001
1.799318
9.190563
0
12397.032227
-4912.504395
1093.292358
0.000001
1.816926
9.331475
0
12456.181641
-4902.624512
1095.21582
0.000001
1.837041
9.482484
0
12515.305664
-4892.59375
1097.153687
-0.0
1.850797
9.629151
0
12574.402344
-4882.407715
1099.101685
-0.0
1.860482
9.779612
0
12633.47168
-4872.066406
1101.068115
0.0
1.878179
9.930091
0
12692.511719
-4861.562988
1103.050049
0.0
1.892925
10.087448
0
12751.514648
-4850.857422
1105.052002
0.000001
1.912084
10.283909
0
12810.481445
-4839.956055
1107.063965
0.0
1.921592
10.474286
0
12869.407227
-4828.837402
1109.085693
0.000001
1.930976
10.685594
0
12927.90918
-4815.687012
1111.222534
-0.0
2.04097
12.668696
0
12986.357422
-4802.300293
1113.369019
0.0
2.050218
12.900334
0
13044.732422
-4788.598633
1115.526367
0.0
2.060518
13.209479
0
13103.050781
-4774.659668
1117.698608
0.0
2.074752
13.442295
0
13161.302734
-4760.44873
1119.886108
0.0
2.089334
13.709842
0
13219.481445
-4745.941895
1122.083862
-0.0
2.099218
14.001253
0
13277.591797
-4731.165039
1124.286865
0.0
2.104238
14.267337
0
13335.646484
-4716.171875
1126.49939
0.0
2.113329
14.480988
0
13393.224609
-4699.467773
1128.902466
0.0
2.295353
16.178328
0
13450.772461
-4682.664551
1131.332397
-0.0
2.32109
16.277075
0
13508.279297
-4665.725586
1133.799194
0.0
2.356258
16.412735
0
13565.739258
-4648.635254
1136.309204
0.0
2.397547
16.564131
0
13623.142578
-4631.36377
1138.862549
0.0
2.439026
16.745634
0
13680.478516
-4613.877441
1141.470825
0.0
2.491509
16.960836
0
13737.748047
-4596.18457
1144.136963
0.0
2.546752
17.168076
0
13794.947266
-4578.272461
1146.848022
0.0
2.589714
17.388237
0
13852.083008
-4560.165039
1149.617065
0.0
2.645195
17.584599
0
13908.726563
-4540.575684
1152.401733
0.0
2.660147
19.077019
0
13965.331055
-4520.869141
1155.158936
0.0
2.633816
19.195433
0
14021.87207
-4500.978027
1157.87915
0.0
2.598538
19.381929
0
14078.34082
-4480.875977
1160.565063
0.0
2.565733
19.5951
0
14134.734375
-4460.560547
1163.230469
0.0
2.546089
19.811199
0
14191.048828
-4440.024902
1165.869263
-0.0
2.52064
20.035007
0
14246.479492
-4417.182617
1168.244385
0.0
2.26864
22.395573
0
14301.826172
-4394.134766
1170.604614
0.0
2.254454
22.608255
0
14357.060547
-4370.816895
1172.948364
-0.0
2.238629
22.887794
0
14412.18457
-4347.239258
1175.275513
0.0
2.222782
23.157082
0
14467.208984
-4323.429688
1177.592285
0.0
2.212933
23.398361
0
14522.136719
-4299.394531
1179.887207
-0.0
2.192054
23.633188
0
14576.963867
-4275.128906
1182.161987
0.0
2.172813
23.873613
0
14631.69043
-4250.634766
1184.415161
0.0
2.152083
24.111935
0
14686.289063
-4225.85498
1186.640259
0.0
2.12535
24.411283
0
14740.78125
-4200.84082
1188.849976
-0.0
2.11061
24.65695
0
14794.522461
-4174.240234
1190.916382
-0.0
1.973617
26.333944
0
14848.149414
-4147.40918
1192.965576
0.0
1.957218
26.579765
0
14901.665039
-4120.354492
1194.994385
0.0
1.937704
26.818708
0
14955.068359
-4093.078125
1197.006226
0.0
1.921523
27.056002
0
15008.361328
-4065.584961
1199.006226
0.0
1.910165
27.288771
0
15061.542969
-4037.876221
1201.000244
0.0
1.904509
27.520615
0
15114.626953
-4009.980469
1202.984009
0.0
1.894674
27.722126
0
15166.448242
-3979.791748
1204.767334
0.0
1.703149
30.222967
0
15218.145508
-3949.38916
1206.532593
0.0
1.68593
30.459593
0
15269.644531
-3918.651855
1208.277344
-0.0
1.666382
30.830833
0
15320.990234
-3887.658447
1210.004517
0.0
1.649613
31.116005
0
15372.183594
-3856.412109
1211.706055
0.0
1.62508
31.398119
0
15423.269531
-3824.98999
1213.396484
-0.0
1.614445
31.594919
0
15474.250977
-3793.397461
1215.074829
-0.0
1.602854
31.786144
0
15525.141602
-3761.659668
1216.753174
0.0
1.602854
31.949472
0
15575.276367
-3728.737793
1218.374878
0.0
1.548773
33.291565
0
15625.333008
-3695.696045
1219.981201
0.0
1.534129
33.428268
0
15675.243164
-3662.432861
1221.574219
0.0
1.521425
33.682064
0
15725.066406
-3629.038818
1223.156006
0.0
1.510701
33.832211
0
15774.775391
-3595.475342
1224.731079
-0.0
1.504206
34.026993
0
15824.394531
-3561.777588
1226.294556
0.0
1.493148
34.181824
0
15873.920898
-3527.943115
1227.846191
0.0
1.481878
34.339603
0
15922.538086
-3492.80957
1229.253296
0.0
1.343826
35.85379
0
15971.075195
-3457.564697
1230.644531
-0.0
1.32867
35.985043
0
16019.519531
-3422.191406
1232.019897
0.0
1.313527
36.136333
0
16067.873047
-3386.694092
1233.383911
-0.0
1.30266
36.282951
0
16116.15625
-3351.100586
1234.741333
-0.0
1.296322
36.396992
0
16164.379883
-3315.425537
1236.088135
0.0
1.286152
36.49358
0
16211.739258
-3278.606934
1237.305908
0.0
1.16299
37.862679
0
16259.030273
-3241.700684
1238.519043
0.0
1.158578
37.968472
0
16306.242188
-3204.692383
1239.727173
0.0
1.15381
38.092365
0
16353.344727
-3167.544922
1240.929688
0.0
1.14836
38.261173
0
16400.351563
-3130.277588
1242.126831
0.0
1.143319
38.407242
0
16447.248047
-3092.870361
1243.319336
0.0
1.138831
38.577648
0
16493.984375
-3055.26416
1244.499756
0.0
1.127234
38.821201
0
16540.583984
-3017.487061
1245.674927
0.0
1.122234
39.030727
0
16587.046875
-2979.541016
1246.844604
0.0
1.117036
39.238647
0
16632.585938
-2940.490479
1247.984497
0.0
1.088561
40.613865
0
16678.046875
-2901.348633
1249.119385
0.0
1.08376
40.729012
0
16723.400391
-2862.083008
1250.254272
0.0
1.08376
40.884956
0
16768.660156
-2822.709473
1251.383667
0.0
1.078596
41.021336
0
16813.818359
-2783.220215
1252.513062
0.0
1.078596
41.168049
0
16858.890625
-2743.632813
1253.642456
0.0
1.078596
41.292774
0
16903.869141
-2703.938965
1254.771851
0.0
1.078596
41.428326
0
16948.779297
-2664.166504
1255.901245
-0.0
1.078596
41.528347
0
16992.728516
-2623.33374
1256.966431
0.0
1.017261
42.894619
0
17036.59375
-2582.40918
1258.022339
0.0
1.008402
43.014244
0
17080.375
-2541.39502
1259.073364
0.0
1.003717
43.131325
0
17124.066406
-2500.2854
1260.12439
0.0
1.003717
43.256351
0
17167.6875
-2459.10083
1261.175415
-0.0
1.003717
43.354721
0
17211.238281
-2417.843506
1262.221191
0.0
0.998751
43.450485
0
17254.705078
-2376.496094
1263.266968
0.0
0.998751
43.569084
0
17298.09375
-2335.066895
1264.312744
0.0
0.998751
43.676918
0
17341.421875
-2293.574707
1265.358521
0.0
0.998751
43.760067
0
17383.804688
-2251.117188
1266.389282
0.0
0.984387
45.050491
0
17426.066406
-2208.540039
1267.414917
0.0
0.979476
45.212563
0
17468.1875
-2165.822266
1268.435181
-0.0
0.97432
45.403385
0
17510.164063
-2122.963379
1269.450195
0.0
0.969272
45.595428
0
17551.988281
-2079.956055
1270.46521
0.0
0.969272
45.798382
0
17593.679688
-2036.81897
1271.474731
0.0
0.964047
45.976345
0
17635.230469
-1993.546875
1272.484253
0.0
0.964047
46.162292
0
17675.308594
-1948.906982
1273.528564
0.0
0.997269
48.082817
0
17715.298828
-1904.189331
1274.583008
0.0
1.006968
48.194252
0
17755.193359
-1859.385742
1275.642578
0.0
1.011899
48.317631
0
17794.998047
-1814.50293
1276.707886
0.0
1.017329
48.431553
0
17834.716797
-1769.544678
1277.779175
0.0
1.023067
48.540531
0
17874.376953
-1724.535278
1278.850464
0.0
1.023067
48.614311
0
17914.007813
-1679.499146
1279.93335
0.0
1.034159
48.653164
0
17953.044922
-1633.948853
1281.042114
-0.0
1.058884
49.402706
0
17992.005859
-1588.332153
1282.150879
-0.0
1.058884
49.500187
0
18030.851563
-1542.618042
1283.259644
0.0
1.058884
49.643631
0
18069.576172
-1496.801636
1284.37439
0.0
1.064512
49.794861
0
18108.1875
-1450.889771
1285.500488
-0.0
1.07542
49.93668
0
18146.708984
-1404.90332
1286.638794
-0.0
1.0871
50.047703
0
18185.152344
-1358.852051
1287.782715
0.0
1.092468
50.144398
0
18223.5
-1312.721069
1288.932129
0.0
1.097639
50.263332
0
18261.373047
-1266.199341
1290.127075
0.0
1.141188
50.851894
0
18299.234375
-1219.668457
1291.326904
0.0
1.145805
50.865784
0
18337.095703
-1173.137573
1292.526733
0.0
1.145805
50.865784
0
18374.957031
-1126.606689
1293.726563
0.0
1.145805
50.865784
0
18412.818359
-1080.075806
1294.926392
0.0
1.145805
50.865784
0
18450.679688
-1033.544922
1296.126221
0.0
1.145805
50.865784
0
18488.541016
-987.014099
1297.32605
0.0
1.145805
50.865784
0
18526.402344
-940.483276
1298.525879
0.0
1.145805
50.865784
0
18564.263672
-893.952454
1299.725708
0.0
1.145805
50.865784
0
18602.482422
-847.714722
1300.890137
0.0
1.112037
50.42347
0
18640.755859
-801.521118
1302.045288
0.0
1.103178
50.357159
0
18679.123047
-755.405762
1303.188721
0.0
1.092011
50.239887
0
18717.617188
-709.395996
1304.32666
-0.0
1.086751
50.082375
0
18756.242188
-663.496521
1305.455078
0.0
1.077619
49.91827
0
18795.0
-617.707947
1306.577759
-0.0
1.072135
49.75396
0
18833.880859
-572.023132
1307.685303
0.0
1.057737
49.600498
0
18874.119141
-527.524475
1308.590942
0.000001
0.864798
47.878845
0
18914.482422
-483.140198
1309.486816
-0.0
0.855495
47.71608
0
18955.011719
-438.906036
1310.366699
0.0
0.840291
47.503193
0
18995.710938
-394.828461
1311.232178
0.0
0.826467
47.282059
0
19036.603516
-350.929779
1312.082397
0.0
0.811966
47.030617
0
19077.763672
-307.281311
1312.915161
0.0
0.795314
46.680931
0
19119.212891
-263.907043
1313.721069
0.0
0.769571
46.300198
0
19163.400391
-223.32103
1314.225952
0.000001
0.482116
42.567471
0
19207.775391
-182.939056
1314.712646
0.000001
0.464794
42.303341
0
19252.402344
-142.836151
1315.178101
0.000001
0.444536
41.943867
0
19297.25
-102.980965
1315.633057
0.000001
0.434475
41.626537
0
19342.294922
-63.349117
1316.078125
0.000001
0.424981
41.341774
0
19387.544922
-23.951294
1316.507324
0.000001
0.409873
41.044674
0
19433.027344
15.179142
1316.92688
0.000001
0.400625
40.706902
0
19480.671875
51.64613
1317.218872
-0.0
0.278795
37.429863
0
19528.451172
87.937256
1317.497314
0.0
0.265865
37.218636
0
19576.398438
124.005898
1317.770264
0.0
0.260647
36.952293
0
19624.505859
159.86203
1318.043213
0.0
0.260647
36.69878
0
19672.779297
195.494293
1318.316162
-0.0
0.260647
36.432606
0
19721.255859
230.848236
1318.601074
0.000001
0.272026
36.103016
0
19771.535156
263.588806
1318.798584
0.000001
0.188554
33.071102
0
19821.972656
296.084534
1318.981201
0.000001
0.174382
32.792503
0
19872.572266
328.329193
1319.163818
0.000001
0.174382
32.507763
0
19923.298828
360.374146
1319.341187
0.000001
0.169423
32.281887
0
19974.177734
392.175781
1319.518555
0.000001
0.169423
32.007496
0
20025.189453
423.764038
1319.690552
0.000001
0.164259
31.767502
0
20076.330078
455.141479
1319.846069
0.000001
0.148488
31.53097
0
20127.603516
486.301239
1319.973877
0.000001
0.122008
31.287374
0
20179.847656
515.807373
1320.016479
0.000001
0.040626
29.456945
0
20232.171875
545.16864
1320.053955
0.000001
0.035811
29.298191
0
20284.611328
574.326477
1320.085815
0.000001
0.030381
29.075611
0
20337.171875
603.26416
1320.112183
0.000001
0.025149
28.835367
0
20389.841797
632.003723
1320.123169
0.000001
0.010443
28.619627
0
20442.626953
660.529541
1320.116699
0.000001
-0.006134
28.387331
0
20495.507813
688.879211
1320.092041
0.000001
-0.023496
28.196312
0
20548.472656
717.069702
1320.050537
0.000001
-0.039642
28.023991
0
20601.525391
745.095642
1320.009033
0.000001
-0.039642
27.846165
0
20655.220703
771.867737
1319.884521
0.000001
-0.118859
26.500244
0
20708.988281
798.495483
1319.76001
0.000001
-0.118859
26.346331
0
20762.853516
824.924194
1319.635498
0.000001
-0.118859
26.134464
0
20816.8125
851.163208
1319.505249
0.000001
-0.124419
25.932846
0
20870.845703
877.247375
1319.369995
0.000001
-0.129118
25.768551
0
20924.958984
903.165344
1319.234741
0.000001
-0.129118
25.592459
0
20979.160156
928.89801
1319.099487
0.000001
-0.129118
25.396418
0
21033.455078
954.431885
1318.974731
0.000001
-0.119139
25.186398
0
21089.201172
976.620117
1318.861572
0.000001
-0.108095
21.703518
0
21145.09375
998.436157
1318.74353
0.000001
-0.112705
21.321547
0
21201.175781
1019.76001
1318.614014
0.000001
-0.123661
20.817833
0
21257.414063
1040.672363
1318.479126
0.000001
-0.128797
20.39809
0
21313.8125
1061.145752
1318.344238
0.000001
-0.128797
19.951509
0
21370.367188
1081.186035
1318.19751
0.000001
-0.140087
19.512028
0
21427.035156
1100.904419
1318.050781
0.000001
-0.140087
19.186287
0
21484.546875
1118.001953
1317.957642
0.000001
-0.088929
16.556442
0
21542.115234
1134.906738
1317.864502
0.000001
-0.088929
16.364468
0
21599.755859
1151.568848
1317.771362
0.000001
-0.088929
16.123163
0
21657.455078
1168.022827
1317.678223
0.000001
-0.088929
15.91634
0
21715.207031
1184.293945
1317.585083
0.000001
-0.088929
15.734902
0
21773.011719
1200.376709
1317.481201
0.000001
-0.099215
15.548052
0
21830.873047
1216.251831
1317.37207
0.000001
-0.104215
15.34234
0
21888.796875
1231.899414
1317.262939
0.000001
-0.104215
15.117242
0
21946.769531
1247.360718
1317.153809
0.000001
-0.104215
14.93305
0
22005.148438
1261.216431
1317.021606
0.000001
-0.126222
13.351782
0
22063.580078
1274.8479
1316.889404
0.000001
-0.126222
13.131807
0
22122.087891
1288.14563
1316.757202
0.000001
-0.126222
12.804847
0
22180.662109
1301.147827
1316.619385
0.000001
-0.131563
12.515564
0
22239.289063
1313.909302
1316.476563
0.000001
-0.136351
12.280144
0
22297.966797
1326.430908
1316.328613
0.000001
-0.141323
12.04591
0
22356.703125
1338.678223
1316.180664
0.000001
-0.141323
11.778128
0
22415.496094
1350.647095
1316.026855
0.000001
-0.146911
11.506735
0
22474.341797
1362.356689
1315.873047
0.000001
-0.146911
11.254135
0
22533.582031
1371.87085
1315.64856
0.000001
-0.214311
9.123991
0
22592.861328
1381.140137
1315.424072
0.000001
-0.214311
8.887198
0
22652.181641
1390.148315
1315.199585
0.000001
-0.214311
8.63493
0
22711.542969
1398.880371
1314.98584
0.000001
-0.204127
8.368331
0
22770.947266
1407.317261
1314.78772
0.000001
-0.189148
8.083475
0
22830.392578
1415.456421
1314.599365
0.000001
-0.1799
7.796469
0
22889.896484
1423.160522
1314.427856
0.000001
-0.163788
7.377312
0
22949.458984
1430.395142
1314.267822
0.000001
-0.152771
6.925494
0
23009.064453
1437.256836
1314.112915
0.000001
-0.147976
6.56685
0
23068.705078
1443.810547
1313.958008
0.000001
-0.147976
6.270889
0
23128.369141
1450.142944
1313.80835
0.000001
-0.142915
6.058329
0
23188.052734
1456.289917
1313.669312
0.000001
-0.132752
5.880277
0
23247.753906
1462.260254
1313.551147
0.000001
-0.112794
5.710664
0
23307.478516
1468.001831
1313.460327
0.000001
-0.086668
5.491258
0
23367.232422
1473.425537
1313.386353
0.000001
-0.070617
5.186388
0
23427.03125
1478.329102
1313.312378
0.000001
-0.070617
4.687804
0
23486.847656
1483.014893
1313.232788
0.000001
-0.075959
4.47914
0
23546.664063
1487.700684
1313.153198
0.000001
-0.075959
4.47914
0
23606.480469
1492.386475
1313.073608
0.000001
-0.075959
4.47914
0
23666.296875
1497.072266
1312.994019
0.000001
-0.075959
4.47914
0
23726.113281
1501.758057
1312.914429
0.000001
-0.075959
4.47914
0
23785.929688
1506.443848
1312.834839
0.000001
-0.075959
4.47914
0
23845.732422
1511.314697
1312.692749
0.000001
-0.135682
4.656464
0
23905.535156
1516.165649
1312.550659
0.000001
-0.135682
4.637453
0
23965.341797
1520.975342
1312.408569
0.000001
-0.135682
4.597824
0
24025.154297
1525.721069
1312.272339
0.000001
-0.130129
4.536634
0
24084.974609
1530.363037
1312.142212
0.000001
-0.124268
4.437171
0
24144.896484
1533.410278
1312.034668
0.000001
-0.102719
2.911104
0
24204.830078
1536.216309
1311.932373
0.000001
-0.097658
2.680506
0
24264.777344
1538.723267
1311.83606
0.000001
-0.091948
2.394634
0
24324.736328
1540.961182
1311.739746
0.000001
-0.091948
2.137559
0
24384.705078
1542.911133
1311.643433
0.000001
-0.091948
1.862425
0
24444.683594
1544.546631
1311.547119
0.000001
-0.091948
1.562015
0
24504.669922
1545.799927
1311.450806
0.000001
-0.091948
1.196889
0
24564.664063
1546.630249
1311.354492
0.000001
-0.091948
0.792928
0
24624.630859
1544.635864
1311.321045
0.000001
-0.031897
-1.904815
0
24684.589844
1542.399292
1311.316162
0.000001
-0.004672
-2.13623
0
24744.535156
1539.82251
1311.345947
0.000001
0.0284
-2.461456
0
24804.462891
1536.88562
1311.403809
0.000001
0.055284
-2.805605
0
24864.373047
1533.598145
1311.493652
0.000001
0.085767
-3.1409
0
24924.263672
1529.975098
1311.605103
0.000001
0.106469
-3.461823
0
24984.136719
1526.072144
1311.739014
0.000001
0.127902
-3.729708
0
25043.990234
1521.878418
1311.894897
0.000001
0.148898
-4.007998
0
25103.669922
1515.684814
1312.182739
0.000001
0.274888
-5.925118
0
25163.326172
1509.270142
1312.480225
0.000001
0.284115
-6.137367
0
25222.951172
1502.587036
1312.793091
0.000001
0.298718
-6.395304
0
25282.544922
1495.630859
1313.122437
0.000001
0.314469
-6.657787
0
25342.105469
1488.390991
1313.462769
0.000001
0.32496
-6.930555
0
25401.630859
1480.875
1313.819092
0.000001
0.340294
-7.196336
0
25461.121094
1473.079468
1314.186279
0.000001
0.350641
-7.465408
0
25520.574219
1465.012085
1314.55896
0.000001
0.35588
-7.727341
0
25579.638672
1454.468506
1314.977905
0.000001
0.400078
-10.121154
0
25638.664063
1443.701416
1315.396851
0.000001
0.400078
-10.338135
0
25697.626953
1432.598145
1315.815796
0.000001
0.400078
-10.664646
0
25756.511719
1421.096191
1316.234741
0.000001
0.400078
-11.05231
0
25815.330078
1409.254272
1316.653687
0.000001
0.400078
-11.383277
0
25874.080078
1397.074341
1317.072632
0.000001
0.400078
-11.712653
0
25932.761719
1384.573608
1317.491577
0.000001
0.400078
-12.025705
0
25990.699219
1368.980957
1317.964233
0.000001
0.451366
-15.063272
0
26048.556641
1353.094849
1318.43689
-0.0
0.451366
-15.353765
0
26106.322266
1336.88147
1318.898071
0.0
0.44039
-15.67801
0
26164.001953
1320.361084
1319.343506
0.0
0.425405
-15.982758
0
26221.591797
1303.531494
1319.777466
-0.0
0.414429
-16.290134
0
26279.095703
1286.4104
1320.205811
0.0
0.409053
-16.580286
0
26336.525391
1269.04541
1320.634155
0.0
0.409053
-16.823448
0
26393.300781
1249.64624
1321.081177
0.0
0.426839
-18.864388
0
26450.029297
1230.109253
1321.532959
0.0
0.431463
-19.003546
0
26506.705078
1210.418213
1321.984741
0.0
0.431463
-19.159159
0
26563.296875
1190.487427
1322.436523
0.0
0.431463
-19.401678
0
26619.828125
1170.385864
1322.888306
0.0
0.431463
-19.574739
0
26676.300781
1150.12146
1323.340088
0.000001
0.431463
-19.739832
0
26732.712891
1129.688965
1323.79187
-0.0
0.431463
-19.910492
0
26788.666016
1108.033569
1324.243652
0.0
0.431463
-21.157486
0
26844.583984
1086.285645
1324.695435
0.0
0.431463
-21.252239
0
26900.435547
1064.368164
1325.147217
-0.0
0.431463
-21.426126
0
26956.216797
1042.274048
1325.598999
0.0
0.431463
-21.607462
0
27011.919922
1019.983948
1326.050781
-0.0
0.431463
-21.808903
0
27067.544922
997.497742
1326.502563
-0.0
0.431463
-22.010744
0
27123.091797
974.817688
1326.954346
0.0
0.431463
-22.210535
0
27178.529297
951.870544
1327.406128
0.0
0.431463
-22.486322
0
27233.015625
926.747681
1327.813354
-0.0
0.388877
-24.754015
0
27287.414063
901.438049
1328.220581
-0.0
0.388877
-24.950542
0
27341.6875
875.859192
1328.627808
0.0
0.388877
-25.234478
0
27395.853516
850.056641
1329.035034
0.0
0.388877
-25.470869
0
27449.898438
823.998047
1329.442261
0.0
0.388877
-25.741959
0
27503.839844
797.727051
1329.849487
0.0
0.388877
-25.967363
0
27557.677734
771.244446
1330.256714
0.0
0.388877
-26.192343
0
27611.429688
744.589478
1330.670288
0.0
0.394969
-26.375935
0
27664.626953
716.844604
1331.094604
0.0
0.405221
-27.543764
0
27717.724609
688.906189
1331.524658
0.0
0.410631
-27.752409
0
27770.722656
660.779297
1331.954712
0.0
0.410631
-27.955973
0
27823.626953
632.479187
1332.384766
0.0
0.410631
-28.143412
0
27876.423828
603.977478
1332.814819
0.0
0.410631
-28.362015
0
27929.136719
575.320129
1333.244873
0.0
0.410631
-28.531025
0
27981.765625
546.511841
1333.680542
-0.0
0.416054
-28.695242
0
28034.308594
517.547119
1334.116211
0.0
0.416054
-28.865652
0
28086.351563
487.690948
1334.498047
0.0
0.364657
-29.842194
0
28138.392578
457.830627
1334.879883
0.0
0.364657
-29.846781
0
28190.433594
427.970306
1335.261719
0.0
0.364657
-29.846781
0
28242.474609
398.109985
1335.643555
0.0
0.364657
-29.846781
0
28294.515625
368.249664
1336.025391
0.0
0.364657
-29.846781
0
28346.556641
338.389343
1336.407227
0.0
0.364657
-29.846781
0
28398.603516
308.538757
1336.789063
0.000001
0.364657
-29.836065
0
28450.671875
278.726593
1337.170898
0.000001
0.364657
-29.793768
0
28502.771484
248.969727
1337.552734
0.000001
0.364657
-29.732946
0
28555.539063
220.412735
1337.90564
0.000001
0.337008
-28.42173
0
28608.402344
192.035034
1338.253174
0.000001
0.331899
-28.227222
0
28661.386719
163.88208
1338.589355
0.000001
0.32108
-27.983864
0
28714.480469
135.937088
1338.919556
0.000001
0.315329
-27.75919
0
28767.669922
108.175674
1339.244141
0.000001
0.309995
-27.561256
0
28820.953125
80.591637
1339.563477
0.000001
0.304975
-27.37034
0
28875.283203
55.131508
1339.865601
0.000001
0.2885
-25.108906
0
28929.445313
29.316799
1340.178345
0.000001
0.298595
-25.483448
0
28983.589844
3.464306
1340.491089
0.000001
0.298595
-25.523426
0
29037.699219
-22.458963
1340.803833
0.000001
0.298595
-25.598339
0
29091.755859
-48.491726
1341.116577
0.000001
0.298595
-25.71434
0
29145.746094
-74.664856
1341.429321
0.000001
0.298595
-25.863209
0
29199.640625
-101.033157
1341.742065
0.000001
0.298595
-26.070518
0
29252.935547
-128.593445
1342.069336
0.000001
0.312522
-27.34482
0
29306.185547
-156.239716
1342.396606
0.000001
0.312522
-27.437292
0
29359.382813
-183.987778
1342.723877
0.000001
0.312522
-27.546883
0
29412.519531
-211.851761
1343.057129
0.000001
0.318218
-27.67182
0
29465.572266
-239.875977
1343.403809
0.000001
0.331039
-27.844765
0
29518.548828
-268.041565
1343.756226
0.000001
0.336496
-27.997566
0
29571.441406
-296.366638
1344.108643
0.000001
0.336496
-28.17021
0
29623.455078
-326.274261
1344.493164
0.000001
0.367225
-29.898874
0
29675.408203
-356.284851
1344.883301
0.000001
0.372491
-30.012396
0
29727.271484
-386.450317
1345.279541
0.000001
0.378386
-30.183376
0
29779.042969
-416.774414
1345.692993
-0.0
0.394833
-30.358833
0
29830.703125
-447.288025
1346.112793
-0.0
0.400816
-30.568838
0
29881.611328
-479.038696
1346.526978
0.0
0.395543
-31.950808
0
29932.453125
-510.896851
1346.941162
0.0
0.395543
-32.07188
0
29983.222656
-542.8703
1347.355347
-0.0
0.395543
-32.201881
0
30033.166016
-576.118286
1347.752563
0.0
0.379356
-33.65189
0
30083.046875
-609.460815
1348.14978
0.0
0.379356
-33.760414
0
30132.876953
-642.880066
1348.546997
0.0
0.379356
-33.848602
0
30182.6875
-676.328857
1348.944214
0.0
0.379356
-33.882526
0
30232.474609
-709.810608
1349.341431
-0.0
0.379356
-33.920471
0
30282.033203
-743.629272
1349.728394
-0.0
0.369554
-34.309055
0
30331.539063
-777.527161
1350.115356
-0.0
0.369554
-34.400688
0
30380.962891
-811.543213
1350.502319
0.0
0.369554
-34.53759
0
30430.279297
-845.714783
1350.889282
-0.0
0.369554
-34.718014
0
30479.5
-880.025085
1351.270386
0.0
0.363947
-34.879307
0
30528.632813
-914.459656
1351.657104
-0.0
0.369301
-35.024155
0
30577.673828
-949.025513
1352.049561
0.0
0.374772
-35.177433
0
30626.630859
-983.711609
1352.447266
-0.0
0.379793
-35.318062
0
30674.056641
-1020.46283
1352.80835
0.0
0.344788
-37.772724
0
30721.373047
-1057.355957
1353.169434
-0.0
0.344788
-37.944416
0
30768.597656
-1094.366089
1353.530518
0.0
0.344788
-38.086227
0
30815.738281
-1131.481812
1353.885986
0.0
0.339406
-38.214409
0
30862.767578
-1168.73877
1354.241455
0.0
0.339406
-38.386208
0
30909.683594
-1206.139648
1354.602051
-0.0
0.344303
-38.561844
0
30956.658203
-1243.464966
1354.962646
0.0
0.344303
-38.469643
0
31003.712891
-1280.689087
1355.329468
0.0
0.350286
-38.346298
0
31051.943359
-1316.377075
1355.68689
-0.0
0.341352
-36.499161
0
31100.25
-1351.963867
1356.044312
0.0
0.341352
-36.378963
0
31148.652344
-1387.420288
1356.395874
0.0
0.335765
-36.224533
0
31197.15625
-1422.735352
1356.747437
0.0
0.335765
-36.057365
0
31245.787109
-1457.87793
1357.098999
-0.0
0.335765
-35.853882
0
31296.310547
-1490.239136
1357.471558
0.0
0.355764
-32.640408
0
31346.986328
-1522.359985
1357.854858
0.0
0.36603
-32.368259
0
31400.855469
-1548.778687
1358.189331
0.0
0.319427
-26.124201
0
31454.855469
-1574.929565
1358.512329
0.0
0.308485
-25.839676
0
31508.994141
-1600.791626
1358.82959
-0.0
0.302926
-25.533522
0
31564.363281
-1623.901733
1359.199219
0.0
0.353005
-22.654627
0
31619.804688
-1646.837036
1359.568848
0.0
0.353005
-22.473843
0
31675.333984
-1669.561035
1359.950073
0.0
0.364104
-22.255646
0
31730.957031
-1692.053345
1360.337036
-0.0
0.369527
-22.016823
0
31787.521484
-1712.057983
1360.878906
-0.0
0.51751
-19.476749
0
31844.173828
-1731.810059
1361.43689
0.0
0.532844
-19.221134
0
31900.925781
-1751.272461
1362.012939
0.0
0.550056
-18.928568
0
31957.769531
-1770.468506
1362.618286
0.0
0.578046
-18.659895
0
32015.373047
-1787.232544
1363.512207
0.0
0.853657
-16.226349
0
32073.023438
-1803.834717
1364.411255
0.0
0.858521
-16.065462
0
32130.740234
-1820.204468
1365.310303
0.0
0.858521
-15.834502
0
32188.529297
-1836.319336
1366.209351
-0.0
0.858521
-15.581639
0
32246.388672
-1852.174194
1367.108398
-0.0
0.858521
-15.32407
0
32305.554688
-1861.887695
1369.371826
-0.0
2.161905
-9.32339
0
32364.740234
-1871.468018
1371.671509
0.0
2.19652
-9.194757
0
32423.945313
-1880.913086
1374.013184
0.0
2.23673
-9.064081
0
32483.169922
-1890.231445
1376.405029
0.0
2.284596
-8.941767
0
32542.412109
-1899.425293
1378.844727
0.0
2.330385
-8.821555
0
32601.669922
-1908.498535
1381.327026
0.0
2.371127
-8.70516
0
32661.101563
-1916.282104
1384.043823
0.0
2.595239
-7.461502
0
32720.552734
-1923.893677
1386.794189
0.0
2.627307
-7.295853
0
32780.03125
-1931.290039
1389.573853
0.0
2.655291
-7.088727
0
32839.542969
-1938.401367
1392.390137
0.0
2.690302
-6.814434
0
32899.085938
-1945.208374
1395.247559
0.0
2.729705
-6.521708
0
32958.664063
-1951.701538
1398.150879
0.0
2.773596
-6.219948
0
33018.269531
-1957.884277
1401.117798
0.0
2.834317
-5.921883
0
33077.902344
-1963.792847
1404.145264
0.0
2.892216
-5.658699
0
33137.734375
-1966.620239
1407.638672
0.0
3.337838
-2.705536
0
33197.574219
-1969.209106
1411.171021
0.0
3.37511
-2.477234
0
33257.425781
-1971.486938
1414.743774
0.0
3.413694
-2.179596
0
33317.285156
-1973.472412
1418.369141
-0.0
3.46406
-1.89978
0
33377.148438
-1975.210205
1422.050781
0.0
3.517923
-1.662781
0
33437.011719
-1976.728271
1425.790283
0.0
3.573234
-1.452576
