CloudWH
2000
100
2000
100
2000
100
2000
100
2000
100
CloudWH
saf
296.538177
-54.570374
1401.945313
0.0
0.0
-9.197667
32618.537109
-5639.559082
1336.400391
saf
0
152.156311
-25.30093
900.363464
0.0
3.19939
-9.565647
0
211.229858
-35.256004
903.712097
0.0
3.19939
-9.565647
0
270.303406
-45.211079
907.06073
0.0
3.19939
-9.565647
0
329.376953
-55.166153
910.409363
0.0
3.19939
-9.565647
0
388.4505
-65.121231
913.757996
0.0
3.19939
-9.565647
0
447.524048
-75.076309
917.106628
0.0
3.19939
-9.565647
0
506.597595
-85.031387
920.455261
0.0
3.19939
-9.565647
1
683.818237
-114.896622
930.50116
0.0
3.19939
-9.565647
1
742.891785
-124.8517
933.849792
0.0
3.19939
-9.565647
1
801.965332
-134.806778
937.198425
0.0
3.19939
-9.565647
1
861.038879
-144.761856
940.547058
0.0
3.19939
-9.565647
1
920.112427
-154.716934
943.895691
0.0
3.19939
-9.565647
1
979.185974
-164.672012
947.244324
0.0
3.19939
-9.565647
1
1038.259521
-174.62709
950.592957
0.0
3.19939
-9.565647
1
1097.333008
-184.582169
953.941589
0.0
3.19939
-9.565647
1
1156.406494
-194.537247
957.290222
0.0
3.19939
-9.565647
1
1215.47998
-204.492325
960.638855
0.0
3.19939
-9.565647
1
1274.553467
-214.447403
963.987488
0.0
3.19939
-9.565647
1
1333.626953
-224.402481
967.336121
0.0
3.19939
-9.565647
1
1392.700439
-234.357559
970.684753
0.0
3.19939
-9.565647
1
1451.773926
-244.312637
974.033386
0.0
3.19939
-9.565647
1
1510.847412
-254.267715
977.382019
0.0
3.19939
-9.565647
1
1569.920898
-264.222778
980.730652
0.0
3.19939
-9.565647
1
1628.994385
-274.177856
984.079285
0.0
3.19939
-9.565647
1
1688.067871
-284.132935
987.427917
0.0
3.19939
-9.565647
1
1747.141357
-294.088013
990.77655
0.0
3.19939
-9.565647
1
1806.214844
-304.043091
994.125183
0.0
3.19939
-9.565647
1
1865.28833
-313.998169
997.473816
0.0
3.19939
-9.565647
1
1924.361816
-323.953247
1000.822449
0.0
3.19939
-9.565647
2
2101.582275
-353.818481
1010.868347
0.0
3.19939
-9.565647
2
2160.655762
-363.77356
1014.21698
0.0
3.19939
-9.565647
2
2219.729248
-373.728638
1017.565613
0.0
3.19939
-9.565647
2
2278.802734
-383.683716
1020.914246
0.0
3.19939
-9.565647
2
2337.876221
-393.638794
1024.262939
0.0
3.19939
-9.565647
2
2396.949707
-403.593872
1027.611572
0.0
3.19939
-9.565647
2
2456.023193
-413.54895
1030.960205
0.0
3.19939
-9.565647
2
2515.09668
-423.504028
1034.308838
0.0
3.19939
-9.565647
2
2574.170166
-433.459106
1037.657471
0.0
3.19939
-9.565647
2
2633.243652
-443.414185
1041.006104
0.0
3.19939
-9.565647
2
2692.317139
-453.369263
1044.354736
0.0
3.19939
-9.565647
2
2751.390625
-463.324341
1047.703369
0.0
3.19939
-9.565647
2
2810.464111
-473.279419
1051.052002
0.0
3.19939
-9.565647
2
2869.537598
-483.234497
1054.400635
0.0
3.19939
-9.565647
2
2928.611084
-493.189575
1057.749268
0.0
3.19939
-9.565647
2
2987.68457
-503.144653
1061.0979
0.0
3.19939
-9.565647
2
3046.758057
-513.099731
1064.446533
0.0
3.19939
-9.565647
2
3105.831543
-523.05481
1067.795166
0.0
3.19939
-9.565647
2
3164.905029
-533.009888
1071.143799
0.0
3.19939
-9.565647
2
3223.978516
-542.964966
1074.492432
0.0
3.19939
-9.565647
2
3283.052002
-552.920044
1077.841064
0.0
3.19939
-9.565647
2
3342.125488
-562.875122
1081.189697
0.0
3.19939
-9.565647
2
3401.198975
-572.8302
1084.53833
0.0
3.19939
-9.565647
2
3460.272461
-582.785278
1087.886963
0.0
3.19939
-9.565647
2
3519.345947
-592.740356
1091.235596
0.0
3.19939
-9.565647
2
3578.419434
-602.695435
1094.584229
0.0
3.19939
-9.565647
2
3637.49292
-612.650513
1097.932861
0.0
3.19939
-9.565647
2
3696.566406
-622.605591
1101.281494
0.0
3.19939
-9.565647
2
3755.639893
-632.560669
1104.630127
0.0
3.19939
-9.565647
2
3814.713379
-642.515747
1107.97876
0.0
3.19939
-9.565647
2
3873.786865
-652.470825
1111.327393
0.0
3.19939
-9.565647
2
3932.859619
-662.431152
1114.676025
0.0
3.19939
-9.570715
2
3991.932373
-672.391479
1118.024658
0.0
3.19939
-9.570715
2
4051.005127
-682.351807
1121.373291
0.0
3.19939
-9.570715
2
4110.07666
-692.317566
1124.721924
-0.0
3.19939
-9.575998
2
4169.148438
-702.283325
1128.070557
-0.0
3.19939
-9.575998
2
4228.220215
-712.249084
1131.419189
-0.0
3.19939
-9.575998
2
4287.291992
-722.214844
1134.767822
-0.0
3.19939
-9.575998
2
4346.36377
-732.180603
1138.116455
-0.0
3.19939
-9.575998
2
4405.435547
-742.146362
1141.465088
-0.0
3.19939
-9.575998
2
4464.507324
-752.112122
1144.813721
-0.0
3.19939
-9.575998
2
4523.579102
-762.077881
1148.162354
-0.0
3.19939
-9.575998
2
4582.650879
-772.04364
1151.510986
-0.0
3.19939
-9.575998
2
4641.722656
-782.009399
1154.859619
-0.0
3.19939
-9.575998
2
4700.794434
-791.975159
1158.208252
-0.0
3.19939
-9.575998
2
4759.866211
-801.940918
1161.556885
-0.0
3.19939
-9.575998
2
4818.937988
-811.906677
1164.905518
-0.0
3.19939
-9.575998
2
4878.009766
-821.872437
1168.25415
-0.0
3.19939
-9.575998
2
4937.081543
-831.838196
1171.602783
-0.0
3.19939
-9.575998
2
4996.15332
-841.803955
1174.951416
-0.0
3.19939
-9.575998
2
5055.225098
-851.769714
1178.300049
-0.0
3.19939
-9.575998
2
5114.296875
-861.735474
1181.648682
-0.0
3.19939
-9.575998
2
5173.368652
-871.701233
1184.997314
-0.0
3.19939
-9.575998
2
5232.44043
-881.666992
1188.345947
-0.0
3.19939
-9.575998
2
5291.512207
-891.632751
1191.69458
-0.0
3.19939
-9.575998
2
5350.583984
-901.598511
1195.043213
-0.0
3.19939
-9.575998
2
5409.655762
-911.56427
1198.391846
-0.0
3.19939
-9.575998
2
5468.727539
-921.530029
1201.740479
-0.0
3.19939
-9.575998
2
5527.799316
-931.495789
1205.089111
-0.0
3.19939
-9.575998
2
5586.871094
-941.461548
1208.437744
-0.0
3.19939
-9.575998
2
5645.942871
-951.427307
1211.786377
-0.0
3.19939
-9.575998
3
7199.262695
-1204.210815
1277.192017
0.0
3.148662
-9.01981
3
7258.431152
-1213.603149
1280.487671
0.0
3.148662
-9.01981
3
7317.599609
-1222.995483
1283.783325
0.0
3.148662
-9.01981
3
7376.768066
-1232.387817
1287.078979
0.0
3.148662
-9.01981
3
7435.936523
-1241.780151
1290.374634
0.0
3.148662
-9.01981
3
7495.10498
-1251.172485
1293.670288
0.0
3.148662
-9.01981
3
7554.273438
-1260.564819
1296.965942
0.0
3.148662
-9.01981
3
7613.441895
-1269.957153
1300.261597
0.0
3.148662
-9.01981
3
7672.610352
-1279.349487
1303.557251
0.0
3.148662
-9.01981
3
7731.778809
-1288.741821
1306.852905
0.0
3.148662
-9.01981
3
7790.947266
-1298.134155
1310.14856
0.0
3.148662
-9.01981
3
7850.115723
-1307.526489
1313.444214
0.0
3.148662
-9.01981
3
7909.28418
-1316.918823
1316.739868
0.0
3.148662
-9.01981
3
7968.452637
-1326.311157
1320.035522
0.0
3.148662
-9.01981
3
8027.621094
-1335.703491
1323.331177
0.0
3.148662
-9.01981
3
8086.789551
-1345.095825
1326.626831
0.0
3.148662
-9.01981
3
8145.958008
-1354.488159
1329.922485
0.0
3.148662
-9.01981
3
8205.126953
-1363.880493
1333.21814
0.0
3.148662
-9.01981
3
8264.295898
-1373.272827
1336.513794
0.0
3.148662
-9.01981
3
8323.464844
-1382.665161
1339.809448
0.0
3.148662
-9.01981
3
8382.633789
-1392.057495
1343.105103
0.0
3.148662
-9.01981
3
8441.802734
-1401.449829
1346.400757
0.0
3.148662
-9.01981
3
8500.97168
-1410.842163
1349.696411
0.0
3.148662
-9.01981
3
8560.140625
-1420.234497
1352.992065
0.0
3.148662
-9.01981
3
8619.30957
-1429.626831
1356.28772
0.0
3.148662
-9.01981
3
8678.478516
-1439.019165
1359.583374
0.0
3.148662
-9.01981
3
8737.647461
-1448.411499
1362.879028
0.0
3.148662
-9.01981
3
8796.816406
-1457.803833
1366.174683
0.0
3.148662
-9.01981
3
8855.985352
-1467.196167
1369.470337
0.0
3.148662
-9.01981
3
8915.154297
-1476.588501
1372.765991
0.0
3.148662
-9.01981
3
8974.323242
-1485.980835
1376.061646
0.0
3.148662
-9.01981
3
9033.491211
-1495.383789
1379.346558
0.0
3.138472
-9.030003
3
9092.65625
-1504.812256
1382.601685
-0.0
3.109901
-9.05451
3
9151.819336
-1514.269043
1385.816406
0.0
3.071324
-9.081516
3
9210.980469
-1523.756592
1388.978394
0.0
3.020931
-9.110933
3
9270.139648
-1533.271973
1392.091797
0.0
2.974417
-9.137513
3
9329.297852
-1542.810913
1395.146729
-0.0
2.918492
-9.159884
3
9388.455078
-1552.37561
1398.139771
0.0
2.859301
-9.184267
3
9447.612305
-1561.962891
1401.061035
0.0
2.790754
-9.205693
3
9506.769531
-1571.56958
1403.921143
0.0
2.732233
-9.224005
3
9565.926758
-1581.187378
1406.744873
0.0
2.697481
-9.234444
3
9625.083984
-1590.815918
1409.526367
0.0
2.657107
-9.244544
3
9684.241211
-1600.450073
1412.280151
0.0
2.630572
-9.249854
3
9743.399414
-1610.09021
1414.999634
0.0
2.597746
-9.255347
3
9802.557617
-1619.739746
1417.682129
0.0
2.562441
-9.264198
3
9861.714844
-1629.407227
1420.322754
0.0
2.522409
-9.281349
3
9920.873047
-1639.084229
1422.91272
0.0
2.474038
-9.29017
3
9980.030273
-1648.779907
1425.447021
0.0
2.420756
-9.307927
3
10039.1875
-1658.488892
1427.9375
0.0
2.378866
-9.320501
3
10098.344727
-1668.20874
1430.380005
0.0
2.33309
-9.330698
3
10157.500977
-1677.939941
1432.788818
0.0
2.300817
-9.341465
3
10216.657227
-1687.67688
1435.175171
-0.0
2.279391
-9.346839
3
10275.814453
-1697.41394
1437.539185
0.0
2.258026
-9.346842
3
10334.97168
-1707.156616
1439.886353
-0.0
2.241996
-9.352181
3
10394.12793
-1716.910522
1442.205566
0.0
2.215221
-9.362888
3
10453.28418
-1726.670166
1444.501709
0.0
2.193242
-9.368384
3
10512.44043
-1736.441284
1446.763794
-0.0
2.160641
-9.379251
3
10571.594727
-1746.229248
1448.997681
0.0
2.133689
-9.395427
3
10630.748047
-1756.028564
1451.201416
-0.0
2.104934
-9.40623
3
10689.900391
-1765.845825
1453.363525
0.0
2.065108
-9.423316
3
10749.050781
-1775.681885
1455.487915
0.0
2.029106
-9.441322
3
10808.197266
-1785.545166
1457.573975
0.0
1.992428
-9.467508
3
10867.342773
-1795.422852
1459.621704
-0.0
1.955831
-9.481236
3
10926.486328
-1805.32312
1461.628662
0.0
1.916913
-9.502876
3
10985.62793
-1815.243042
1463.605957
0.0
1.88852
-9.521826
3
11044.768555
-1825.174316
1465.543945
0.0
1.850927
-9.532569
3
11103.907227
-1835.122925
1467.458618
-0.0
1.828674
-9.549261
3
11163.043945
-1845.088013
1469.34021
0.0
1.797036
-9.565071
3
11222.177734
-1855.077881
1471.178223
0.0
1.755502
-9.588813
3
11281.307617
-1865.098877
1472.980347
0.0
1.721187
-9.618843
3
11340.432617
-1875.153442
1474.752808
0.0
1.692855
-9.651221
3
11399.553711
-1885.23584
1476.497192
0.0
1.666013
-9.678079
3
11458.670898
-1895.342773
1478.223022
0.0
1.648282
-9.7017
3
11517.788086
-1905.455078
1479.937866
0.0
1.637831
-9.706949
3
11576.905273
-1915.567383
1481.65271
0.0
1.637831
-9.706949
3
11636.022461
-1925.679688
1483.367554
0.0
1.637831
-9.706949
3
11695.138672
-1935.797119
1485.072266
0.0
1.628139
-9.711806
3
11754.25293
-1945.925659
1486.765869
0.0
1.617443
-9.722511
3
11813.367188
-1956.059814
1488.431519
-0.0
1.590833
-9.727882
3
11872.479492
-1966.210571
1490.063843
0.0
1.558936
-9.743844
3
11931.59082
-1976.373047
1491.655396
0.0
1.520038
-9.754981
3
11990.701172
-1986.546509
1493.213989
0.0
1.488503
-9.76551
3
12049.810547
-1996.731689
1494.737671
0.0
1.455138
-9.776653
3
12108.917969
-2006.935425
1496.217896
0.0
1.413637
-9.794444
3
12168.025391
-2017.145264
1497.661377
-0.0
1.378503
-9.800303
3
12227.131836
-2027.366821
1499.069702
0.0
1.344939
-9.811501
3
12286.237305
-2037.594482
1500.442139
0.0
1.310638
-9.817245
3
12345.342773
-2047.827881
1501.785889
0.0
1.283324
-9.822732
3
12404.449219
-2058.061279
1503.107422
0.0
1.262116
-9.822732
3
12463.553711
-2068.305908
1504.400879
0.0
1.235281
-9.833474
3
12522.657227
-2078.562012
1505.665405
0.0
1.207639
-9.844548
3
12581.760742
-2088.818359
1506.912842
0.0
1.191349
-9.844548
3
12640.863281
-2099.080078
1508.160278
0.0
1.191349
-9.849833
3
12699.96582
-2109.341797
1509.407715
0.0
1.191349
-9.849833
3
12759.068359
-2119.603516
1510.655151
0.0
1.191349
-9.849833
3
12818.170898
-2129.865234
1511.902588
0.0
1.191349
-9.849833
3
12877.273438
-2140.126953
1513.150024
0.0
1.191349
-9.849833
3
12936.375977
-2150.388672
1514.392212
-0.0
1.186308
-9.849836
3
12995.479492
-2160.650391
1515.617798
-0.0
1.170442
-9.849833
3
13054.582031
-2170.91748
1516.817627
0.0
1.145846
-9.854774
3
13113.68457
-2181.190186
1517.994507
-0.0
1.123935
-9.860268
3
13172.787109
-2191.462891
1519.1604
0.0
1.113362
-9.860267
3
13231.888672
-2201.741455
1520.326294
0.0
1.113362
-9.865796
3
13290.990234
-2212.02002
1521.492188
0.0
1.113362
-9.865796
3
13350.091797
-2222.298584
1522.658081
0.0
1.113362
-9.865796
3
13409.193359
-2232.577148
1523.823975
0.0
1.113362
-9.865796
3
13468.294922
-2242.855713
1524.989868
0.0
1.113362
-9.865796
3
13527.396484
-2253.134277
1526.155762
0.0
1.113362
-9.865796
3
13586.498047
-2263.412842
1527.30603
0.0
1.098445
-9.865794
3
13645.600586
-2273.691406
1528.428223
0.0
1.071657
-9.865826
3
13704.703125
-2283.970215
1529.532593
0.0
1.054643
-9.865825
3
13763.805664
-2294.249023
1530.625732
0.0
1.043919
-9.865832
3
13822.908203
-2304.527832
1531.718872
0.0
1.043919
-9.865832
3
13882.010742
-2314.806641
1532.812012
0.0
1.043919
-9.865832
3
13941.113281
-2325.085449
1533.899658
0.0
1.038687
-9.865826
3
14000.21582
-2335.369629
1534.976563
0.0
1.028435
-9.870953
3
14059.318359
-2345.653809
1536.036865
0.0
1.012548
-9.870953
3
14118.419922
-2355.943359
1537.080933
0.0
0.997078
-9.876111
3
14177.522461
-2366.23291
1538.114136
-0.0
0.98671
-9.876109
3
14236.624023
-2376.527832
1539.141846
-0.0
0.981403
-9.881419
3
14295.725586
-2386.822754
1540.169556
-0.0
0.981403
-9.881419
3
14354.827148
-2397.117676
1541.197266
-0.0
0.981403
-9.881419
3
14413.928711
-2407.412598
1542.224976
-0.0
0.981403
-9.881419
3
14473.030273
-2417.70752
1543.252686
-0.0
0.981403
-9.881419
3
14532.131836
-2428.002441
1544.275146
0.0
0.976444
-9.88142
3
14591.233398
-2438.297607
1545.292236
0.0
0.971335
-9.88142
3
14650.334961
-2448.592773
1546.287109
0.0
0.950134
-9.881417
3
14709.436523
-2458.893555
1547.259888
-0.0
0.928967
-9.886763
3
14768.538086
-2469.194336
1548.221924
0.0
0.918654
-9.886756
3
14827.638672
-2479.500977
1549.177856
0.0
0.912916
-9.892499
3
14886.739258
-2489.807617
1550.12793
0.0
0.907315
-9.892498
3
14945.839844
-2500.114258
1551.078003
0.0
0.907315
-9.892498
3
15004.94043
-2510.420898
1552.028076
0.0
0.907315
-9.892498
3
15064.041016
-2520.727539
1552.978149
0.0
0.907315
-9.892498
3
15123.141602
-2531.03418
1553.928223
0.0
0.907315
-9.892498
3
15182.242188
-2541.34082
1554.861816
-0.0
0.891592
-9.892498
3
15241.342773
-2551.65332
1555.766357
0.0
0.863739
-9.898082
3
15300.442383
-2561.971436
1556.649048
0.0
0.842893
-9.903334
3
15359.541016
-2572.294922
1557.515137
0.0
0.827033
-9.908639
3
15418.639648
-2582.618408
1558.37561
0.0
0.821699
-9.908641
3
15477.737305
-2592.947266
1559.236084
0.0
0.821699
-9.913894
4
17019.533203
-2865.901611
1583.17688
0.0
1.140566
-10.2198
4
17078.570313
-2876.544922
1584.349976
-0.0
1.120349
-10.219802
4
17137.607422
-2887.188477
1585.495117
0.0
1.093561
-10.219802
4
17196.644531
-2897.832031
1586.617432
0.0
1.07178
-10.219798
4
17255.683594
-2908.475586
1587.716675
0.0
1.049786
-10.2198
4
17314.722656
-2919.119141
1588.810669
0.0
1.044725
-10.219799
4
17373.761719
-2929.762939
1589.89917
0.0
1.039548
-10.2198
4
17432.800781
-2940.406738
1590.982178
0.0
1.034255
-10.219802
4
17491.839844
-2951.050537
1592.059692
0.0
1.028954
-10.2198
4
17550.878906
-2961.694336
1593.131348
0.0
1.023401
-10.219799
4
17609.917969
-2972.338135
1594.197632
0.0
1.018258
-10.219802
4
17668.957031
-2982.981934
1595.263916
0.0
1.018258
-10.219802
4
17727.996094
-2993.625732
1596.3302
0.0
1.018258
-10.219802
4
17787.035156
-3004.269531
1597.391357
-0.0
1.013388
-10.219802
4
17846.074219
-3014.91333
1598.452515
-0.0
1.013388
-10.219802
4
17905.113281
-3025.557129
1599.513672
-0.0
1.013388
-10.219802
4
17964.152344
-3036.200928
1600.574829
-0.0
1.013388
-10.219802
4
18023.191406
-3046.844727
1601.635986
-0.0
1.013388
-10.219802
4
18082.230469
-3057.488525
1602.702637
0.0
1.018586
-10.219801
4
18141.269531
-3068.132324
1603.769287
0.0
1.018586
-10.219801
4
18200.308594
-3078.776123
1604.835938
0.0
1.018586
-10.219801
4
18259.347656
-3089.419922
1605.902588
0.0
1.018586
-10.219801
4
18318.390625
-3100.041748
1606.980347
0.0
1.029186
-10.198651
4
18377.439453
-3110.628662
1608.075806
-0.0
1.04618
-10.164657
4
18436.492188
-3121.188721
1609.187622
0.0
1.06176
-10.13872
4
18495.550781
-3131.718262
1610.317993
-0.0
1.07947
-10.109266
4
18554.611328
-3142.231201
1611.453979
-0.0
1.084866
-10.093063
4
18613.675781
-3152.728027
1612.595459
-0.0
1.090064
-10.077497
4
18672.742188
-3163.213623
1613.742554
-0.0
1.095501
-10.066631
4
18731.808594
-3173.693848
1614.895142
-0.0
1.100705
-10.061414
4
18790.876953
-3184.16333
1616.058716
0.0
1.11119
-10.050978
4
18849.947266
-3194.615723
1617.233765
0.0
1.122125
-10.03459
4
18909.021484
-3205.05127
1618.431641
0.0
1.143968
-10.018229
4
18968.097656
-3215.470459
1619.651489
0.0
1.164937
-10.002512
4
19027.175781
-3225.873535
1620.893311
-0.0
1.185885
-9.986799
4
19086.255859
-3236.258057
1622.160034
-0.0
1.209743
-9.968913
4
19145.339844
-3246.622314
1623.460693
-0.0
1.242097
-9.949503
4
19204.425781
-3256.975342
1624.783936
0.0
1.263756
-9.938703
4
19263.511719
-3267.317383
1626.11853
0.0
1.274506
-9.927957
4
19322.599609
-3277.653564
1627.4646
0.0
1.285462
-9.922465
4
19381.6875
-3287.989746
1628.816284
0.0
1.290872
-9.922465
4
19440.775391
-3298.325928
1630.167969
0.0
1.290872
-9.922465
4
19499.863281
-3308.662109
1631.519653
0.0
1.290872
-9.922465
4
19558.951172
-3318.998291
1632.876831
0.0
1.296069
-9.922467
4
19618.037109
-3329.334473
1634.256836
0.0
1.317864
-9.922469
4
19677.123047
-3339.67041
1635.680664
0.0
1.359788
-9.922467
4
19736.208984
-3350.000732
1637.142578
0.0
1.396132
-9.917064
4
19795.294922
-3360.330811
1638.621582
0.0
1.412531
-9.917062
4
19854.380859
-3370.660889
1640.106201
0.0
1.417858
-9.917067
4
19913.466797
-3380.990967
1641.59082
0.0
1.417858
-9.917067
4
19972.552734
-3391.321045
1643.075439
0.0
1.417858
-9.917067
4
20031.638672
-3401.651123
1644.560059
0.0
1.417858
-9.917067
4
20090.724609
-3411.981201
1646.044678
0.0
1.417858
-9.917067
4
20149.810547
-3422.311279
1647.529297
0.0
1.417858
-9.917067
4
20208.896484
-3432.641357
1649.013916
0.0
1.417858
-9.917067
4
20267.982422
-3442.971436
1650.498535
0.0
1.417858
-9.917067
4
20327.068359
-3453.301514
1651.983154
0.0
1.417858
-9.917067
4
20386.154297
-3463.631592
1653.467773
0.0
1.417858
-9.917067
4
20445.240234
-3473.96167
1654.952393
0.0
1.417858
-9.917067
4
20504.326172
-3484.291748
1656.437012
0.0
1.417858
-9.917067
4
20563.412109
-3494.621826
1657.921631
0.0
1.417858
-9.917067
4
20622.5
-3504.941895
1659.395874
0.0
1.407948
-9.907173
4
20681.589844
-3515.250732
1660.847168
0.0
1.38603
-9.896222
4
20740.681641
-3525.553955
1662.269287
-0.0
1.358101
-9.890672
4
20799.773438
-3535.857178
1663.658325
-0.0
1.326552
-9.890668
4
20858.867188
-3546.160645
1665.007935
0.0
1.28887
-9.890668
4
20917.960938
-3556.469727
1666.312012
0.0
1.245362
-9.895856
4
20977.054688
-3566.784424
1667.576782
-0.0
1.207878
-9.901226
4
21036.148438
-3577.104736
1668.79187
-0.0
1.160374
-9.906505
4
21095.242188
-3587.430664
1669.952148
0.0
1.108014
-9.911785
4
21154.335938
-3597.761963
1671.069458
0.0
1.067026
-9.916915
4
21213.427734
-3608.102295
1672.150513
0.0
1.032349
-9.925608
4
21272.519531
-3618.447021
1673.193848
0.0
0.996361
-9.929608
4
21331.611328
-3628.800293
1674.198486
0.0
0.959368
-9.937847
4
21390.701172
-3639.16333
1675.163818
-0.0
0.921809
-9.947245
4
21449.791016
-3649.535889
1676.081299
0.0
0.876156
-9.956404
4
21508.878906
-3659.92041
1676.962646
0.0
0.841664
-9.967904
4
21567.964844
-3670.315186
1677.803467
0.0
0.802957
-9.977611
4
21627.050781
-3680.7146
1678.598267
0.0
0.759018
-9.982004
4
21686.136719
-3691.123291
1679.342163
0.0
0.710394
-9.990859
4
21745.220703
-3701.542725
1680.037231
0.0
0.66371
-10.001231
4
21804.302734
-3711.972656
1680.689575
0.0
0.622988
-10.011423
4
21863.384766
-3722.408936
1681.304077
0.0
0.586823
-10.017467
4
21922.464844
-3732.856201
1681.88501
0.0
0.554782
-10.028148
4
21981.544922
-3743.303711
1682.432129
0.0
0.522441
-10.028151
4
22040.625
-3753.762695
1682.938354
0.0
0.483366
-10.03932
4
22099.703125
-3764.227295
1683.400024
0.0
0.440923
-10.044658
4
22158.779297
-3774.701904
1683.821655
0.0
0.402612
-10.054237
4
22217.855469
-3785.181885
1684.210205
0.0
0.371023
-10.05952
4
22276.931641
-3795.66748
1684.570435
0.0
0.343982
-10.06495
4
22336.005859
-3806.158691
1684.919556
0.0
0.333375
-10.070263
4
22395.080078
-3816.649902
1685.256714
-0.0
0.321955
-10.070262
4
22454.154297
-3827.141113
1685.588135
0.0
0.316436
-10.070263
4
22513.228516
-3837.632324
1685.913818
0.0
0.311054
-10.07026
4
22572.302734
-3848.128906
1686.222656
-0.0
0.294948
-10.075633
4
22631.375
-3858.631104
1686.509033
0.0
0.27344
-10.081036
4
22690.445313
-3869.14502
1686.766235
-0.0
0.2456
-10.092174
4
22749.513672
-3879.671143
1687.010986
0.0
0.233729
-10.104048
4
22808.582031
-3890.202637
1687.250244
-0.0
0.228422
-10.109358
4
22867.650391
-3900.734131
1687.489502
-0.0
0.228422
-10.109358
4
22926.71875
-3911.265625
1687.72876
-0.0
0.228422
-10.109358
4
22985.787109
-3921.797119
1687.968018
-0.0
0.228422
-10.109358
4
23044.855469
-3932.328613
1688.207275
-0.0
0.228422
-10.109358
4
23103.923828
-3942.860107
1688.446533
-0.0
0.228422
-10.109358
4
23162.992188
-3953.391602
1688.685791
-0.0
0.228422
-10.109358
4
23222.060547
-3963.923096
1688.925049
-0.0
0.228422
-10.109358
4
23281.128906
-3974.45459
1689.164307
-0.0
0.228422
-10.109358
4
23340.197266
-3984.986084
1689.403564
-0.0
0.228422
-10.109358
4
23399.265625
-3995.517578
1689.642822
-0.0
0.228422
-10.109358
4
23458.333984
-4006.049072
1689.88208
-0.0
0.228422
-10.109358
4
23517.402344
-4016.580566
1690.121338
-0.0
0.228422
-10.109358
4
23576.470703
-4027.112061
1690.360596
-0.0
0.228422
-10.109358
4
23635.539063
-4037.643555
1690.599854
-0.0
0.228422
-10.109358
4
23694.607422
-4048.175049
1690.839111
-0.0
0.228422
-10.109358
4
23753.675781
-4058.706543
1691.078369
-0.0
0.228422
-10.109358
4
23812.744141
-4069.238037
1691.317627
-0.0
0.228422
-10.109358
4
23871.8125
-4079.769531
1691.556885
-0.0
0.228422
-10.109358
4
23930.880859
-4090.301025
1691.796143
-0.0
0.228422
-10.109358
4
23989.949219
-4100.83252
1692.0354
-0.0
0.228422
-10.109358
4
24049.017578
-4111.364258
1692.274658
-0.0
0.228422
-10.109358
4
24108.085938
-4121.895996
1692.513916
-0.0
0.228422
-10.109358
4
24167.154297
-4132.427734
1692.753174
-0.0
0.228422
-10.109358
4
24226.222656
-4142.959473
1692.992432
-0.0
0.228422
-10.109358
4
24285.291016
-4153.491211
1693.231689
-0.0
0.228422
-10.109358
4
24344.359375
-4164.022949
1693.463867
0.0
0.221749
-10.109357
4
24403.427734
-4174.554688
1693.647339
-0.0
0.175222
-10.109355
4
24462.492188
-4185.102539
1693.314453
0.0
-0.317891
-10.125166
4
24521.556641
-4195.650391
1692.954712
0.0
-0.343538
-10.125169
4
24580.621094
-4206.198242
1692.566528
0.0
-0.370695
-10.125199
4
24639.685547
-4216.746094
1692.15625
0.0
-0.391786
-10.125229
4
24698.75
-4227.293945
1691.723267
0.0
-0.413445
-10.125227
4
24757.814453
-4237.841797
1691.263062
0.0
-0.439441
-10.125228
4
24816.878906
-4248.383789
1690.774658
0.0
-0.466406
-10.119856
4
24875.943359
-4258.925781
1690.253052
0.0
-0.498051
-10.119858
4
24935.007813
-4269.461914
1689.688721
0.0
-0.538936
-10.11418
4
24994.072266
-4279.998047
1689.094238
0.0
-0.567643
-10.114181
4
25053.136719
-4290.53418
1688.473755
0.0
-0.592498
-10.114182
4
25112.201172
-4301.070313
1687.822266
0.0
-0.622162
-10.114182
4
25171.265625
-4311.606445
1687.147461
0.0
-0.644346
-10.11418
4
25230.330078
-4322.142578
1686.461304
0.0
-0.655302
-10.114182
4
25289.392578
-4332.684082
1685.752563
0.0
-0.676851
-10.119609
4
25348.455078
-4343.225586
1685.032715
0.0
-0.687383
-10.119612
4
25407.517578
-4353.76709
1684.307129
0.0
-0.692888
-10.119609
4
25466.580078
-4364.308594
1683.581543
0.0
-0.692888
-10.119609
4
25525.642578
-4374.850098
1682.855957
0.0
-0.692888
-10.119609
4
25584.705078
-4385.391602
1682.130371
0.0
-0.692888
-10.119609
4
25643.767578
-4395.933105
1681.404785
0.0
-0.692888
-10.119609
4
25702.830078
-4406.474609
1680.679199
0.0
-0.692888
-10.119609
4
25761.892578
-4417.016113
1679.953613
0.0
-0.692888
-10.119609
4
25820.955078
-4427.557617
1679.228027
0.0
-0.692888
-10.119609
4
25880.017578
-4438.099121
1678.502441
0.0
-0.692888
-10.119609
4
25939.080078
-4448.640625
1677.776855
0.0
-0.692888
-10.119609
4
25998.142578
-4459.182129
1677.05127
0.0
-0.692888
-10.119609
4
26057.205078
-4469.723633
1676.325684
0.0
-0.692888
-10.119609
4
26116.267578
-4480.265137
1675.600098
0.0
-0.692888
-10.119609
4
26175.330078
-4490.806641
1674.874512
0.0
-0.692888
-10.119609
4
26234.388672
-4501.363281
1674.044312
0.0
-0.79278
-10.134688
4
26293.447266
-4511.919922
1673.208618
-0.0
-0.798005
-10.134686
4
26352.505859
-4522.476563
1672.372925
-0.0
-0.798005
-10.134686
4
26411.564453
-4533.033203
1671.537231
-0.0
-0.798005
-10.134686
4
26470.623047
-4543.589844
1670.701538
-0.0
-0.798005
-10.134686
4
26529.681641
-4554.146484
1669.865845
-0.0
-0.798005
-10.134686
4
26588.740234
-4564.703125
1669.030151
-0.0
-0.798005
-10.134686
4
26647.798828
-4575.259766
1668.194458
-0.0
-0.798005
-10.134686
4
26706.857422
-4585.816406
1667.358765
-0.0
-0.798005
-10.134686
4
26765.916016
-4596.373047
1666.523071
-0.0
-0.798005
-10.134686
4
26824.974609
-4606.929688
1665.687378
-0.0
-0.798005
-10.134686
4
26884.03125
-4617.491699
1664.851685
-0.0
-0.798005
-10.139903
4
26943.087891
-4628.05957
1664.015991
-0.0
-0.798005
-10.145552
4
27002.138672
-4638.654785
1663.180298
0.0
-0.798005
-10.171949
4
27061.177734
-4649.3125
1662.332642
0.0
-0.809453
-10.232525
4
27120.205078
-4660.039551
1661.468384
0.0
-0.825374
-10.300245
4
27179.222656
-4670.821289
1660.591797
-0.0
-0.837087
-10.353073
4
27238.226563
-4681.614746
1659.13269
0.0
2.393496
-10.366776
4
27297.228516
-4692.408203
1657.62854
0.0
2.436451
-10.366808
4
27356.230469
-4703.20166
1656.09021
0.0
2.469147
-10.366808
4
27415.230469
-4714.000488
1654.523438
0.0
2.496297
-10.372298
4
27474.228516
-4724.799316
1652.904297
0.0
2.54637
-10.372328
4
27533.224609
-4735.603516
1651.234619
0.0
2.59457
-10.378127
4
27592.21875
-4746.412598
1649.521606
0.0
2.636036
-10.382735
4
27651.210938
-4757.221191
1647.76416
0.0
2.678424
-10.382735
4
27710.201172
-4768.035156
1645.958008
0.0
2.725034
-10.388167
4
27769.1875
-4778.856445
1644.10498
0.0
2.769792
-10.395677
4
27828.169922
-4789.691895
1642.209351
0.0
2.810466
-10.409255
4
27887.148438
-4800.54248
1640.266479
0.0
2.855654
-10.424362
4
27946.121094
-4811.421875
1638.294067
0.0
2.883897
-10.452652
4
28005.085938
-4822.333496
1636.29834
0.0
2.906184
-10.483874
4
28064.046875
-4833.267578
1634.30835
0.0
2.900686
-10.505813
4
28123.007813
-4844.20166
1632.318359
0.0
2.900686
-10.505813
4
28181.96875
-4855.135742
1630.328369
0.0
2.900686
-10.505813
4
28240.929688
-4866.069824
1628.338379
0.0
2.900686
-10.505813
4
28299.890625
-4877.003906
1626.348389
0.0
2.900686
-10.505813
4
28358.851563
-4887.937988
1624.358398
0.0
2.900686
-10.505813
4
28417.8125
-4898.87207
1622.368408
0.0
2.900686
-10.505813
4
28476.773438
-4909.806152
1620.378418
0.0
2.900686
-10.505813
4
28535.734375
-4920.740234
1618.388428
0.0
2.900686
-10.505813
4
28594.695313
-4931.674316
1616.398438
0.0
2.900686
-10.505813
4
28653.65625
-4942.608398
1614.408447
0.0
2.900686
-10.505813
4
28712.617188
-4953.54248
1612.418457
0.0
2.900686
-10.505813
4
28771.578125
-4964.476563
1610.428467
0.0
2.900686
-10.505813
4
28830.4375
-4975.749023
1607.495605
-0.0
1.801845
-10.84172
4
28889.289063
-4987.060547
1604.557617
-0.0
1.806633
-10.880023
4
28948.130859
-4998.417969
1601.604126
-0.0
1.821509
-10.924731
4
29006.96875
-5009.786133
1598.633911
-0.0
1.837457
-10.935411
4
29065.802734
-5021.165527
1595.622437
0.0
1.876936
-10.946733
4
29124.632813
-5032.55127
1592.564575
-0.0
1.921257
-10.953606
4
29183.458984
-5043.947266
1589.460083
0.0
1.965933
-10.963945
4
29242.283203
-5055.342773
1586.305176
-0.0
0.014132
-10.963979
4
29301.103516
-5066.731934
1583.075928
0.0
0.0852
-10.958482
4
29359.919922
-5078.112305
1579.747192
0.0
0.180385
-10.950915
4
29418.732422
-5089.488281
1576.330078
-0.0
0.264888
-10.947253
4
29477.541016
-5100.863281
1572.834229
-0.0
0.340143
-10.947253
4
29536.345703
-5112.237305
1569.272217
0.0
0.403439
-10.947253
4
29595.146484
-5123.61084
1565.658691
0.0
0.452753
-10.947253
4
29653.945313
-5134.983887
1562.003662
0.0
0.492484
-10.947284
4
29712.740234
-5146.356445
1558.301025
-0.0
0.538048
-10.947315
4
29771.533203
-5157.728516
1554.554688
0.0
0.579835
-10.947344
4
29830.322266
-5169.105469
1550.762939
0.0
0.623214
-10.952808
4
29889.109375
-5180.482422
1546.941772
0.0
0.651422
-10.952808
4
29947.896484
-5191.859375
1543.108276
0.0
0.663232
-10.952833
4
30006.683594
-5203.236328
1539.27478
0.0
0.663232
-10.952833
4
30065.470703
-5214.613281
1535.441284
0.0
0.663232
-10.952833
4
30124.257813
-5225.990234
1531.607788
0.0
0.663232
-10.952833
4
30182.916016
-5237.578125
1526.625977
0.0
-4.762786
-11.174947
4
30241.568359
-5249.131348
1521.485474
-0.0
-4.914799
-11.143176
4
30300.214844
-5260.645508
1516.195801
0.0
-5.057796
-11.107475
4
30358.857422
-5272.131348
1510.806885
0.0
-5.152954
-11.081894
4
30417.498047
-5283.594727
1505.349243
0.0
-5.218934
-11.061115
4
30476.138672
-5295.043945
1499.844727
0.0
-5.263883
-11.047686
4
30534.777344
-5306.481445
1494.301758
0.0
-5.300663
-11.037216
4
30593.412109
-5317.918457
1488.723755
0.0
-5.334261
-11.037219
4
30652.039063
-5329.372559
1483.101196
-0.0
-5.377046
-11.054493
4
30710.654297
-5340.865723
1477.429688
-0.0
-5.42401
-11.093678
4
30769.251953
-5352.421875
1471.713257
0.0
-5.467074
-11.156298
4
30827.845703
-5364.002441
1465.990601
-0.0
-5.473078
-11.180348
4
30886.439453
-5375.583008
1460.267944
-0.0
-5.473078
-11.180348
4
30945.033203
-5387.163574
1454.545288
-0.0
-5.473078
-11.180348
4
31003.626953
-5398.744141
1448.822632
-0.0
-5.473078
-11.180348
4
31062.220703
-5410.324707
1443.099976
-0.0
-5.473078
-11.180348
4
31120.814453
-5421.905273
1437.377319
-0.0
-5.473078
-11.180348
4
31179.408203
-5433.48584
1431.654663
-0.0
-5.473078
-11.180348
4
31237.816406
-5445.131836
1424.384399
0.000001
-6.959689
-11.276266
4
31296.208984
-5456.752441
1416.942871
0.000001
-7.124481
-11.255331
4
31354.582031
-5468.337891
1409.30603
0.000001
-7.312441
-11.22588
4
31412.941406
-5479.898438
1401.526001
0.000001
-7.450377
-11.204698
4
31471.287109
-5491.444336
1393.626465
0.000001
-7.565493
-11.193623
4
31529.623047
-5502.980469
1385.638428
0.000001
-7.650679
-11.186266
4
31587.951172
-5514.51123
1377.580078
0.000001
-7.71853
-11.182547
4
31646.271484
-5526.037109
1369.461792
0.000001
-7.776218
-11.179192
4
31704.583984
-5537.561523
1361.287109
0.000001
-7.830661
-11.179219
4
31762.890625
-5549.078613
1353.056641
0.000001
-7.884387
-11.173724
4
31821.191406
-5560.594727
1344.792603
-0.0
-7.916681
-11.173755
4
31879.609375
-5571.45752
1336.469482
0.0
-7.97372
-10.533613
4
31938.021484
-5582.274902
1328.041382
-0.0
-8.074957
-10.49174
4
31996.423828
-5593.028809
1319.466675
0.0
-8.216341
-10.43312
4
32054.814453
-5603.711426
1310.724609
0.0
-8.377896
-10.367751
4
32113.195313
-5614.297852
1301.800659
-0.0
-8.553438
-10.278118
4
32171.570313
-5624.766113
1292.696533
0.0
-8.727568
-10.167005
4
32229.939453
-5635.121582
1283.438232
0.0
-8.876466
-10.060194
4
32288.304688
-5645.34668
1274.006592
0.0
-9.044065
-9.937051
4
32346.666016
-5655.440918
1264.412476
0.000001
-9.201234
-9.812783
4
32405.017578
-5665.430664
1254.650879
0.000001
-9.363315
-9.714792
4
32463.359375
-5675.340332
1244.745605
0.000001
-9.50235
-9.640207
4
32521.685547
-5685.188477
1234.696411
0.000001
-9.641747
-9.583806
4
32579.789063
-5694.693359
1223.131958
0.0
-11.112785
-9.290535
4
32637.892578
-5704.198242
1211.567505
0.0
-11.112785
-9.290535
4
32695.984375
-5713.74707
1199.983643
0.0
-11.131719
-9.334661
4
32754.072266
-5723.313965
1188.39978
0.0
-11.131719
-9.352547
