CloudWH
800
100
800
100
CloudWH
saf
432.486298
-97.460663
1369.541016
0.0
0.0
-8.474477
33767.703125
-6240.630859
1161.697632
saf
0
0.0
0.0
900.0
0.0
0.0
-10.00006
0
59.120628
-10.233103
899.813293
0.0
-0.178275
-9.819972
0
118.241257
-20.466206
899.626587
0.0
-0.178275
-9.819972
0
177.361877
-30.699308
899.43988
0.0
-0.178275
-9.819972
0
236.482498
-40.932411
899.249329
0.0
-0.181949
-9.819973
0
295.605377
-51.152283
899.050171
0.0
-0.190187
-9.807158
0
354.729309
-61.365879
898.838257
0.0
-0.202365
-9.801084
0
413.853821
-71.575844
898.615295
0.0
-0.212924
-9.797574
0
472.979187
-81.78064
898.381775
-0.0
-0.222992
-9.792567
0
532.105042
-91.982376
898.135742
0.0
-0.234924
-9.78961
0
591.231628
-102.179665
897.880676
-0.0
-0.243558
-9.785305
0
650.375977
-112.263695
897.370422
-0.0
-0.487273
-9.675838
0
709.522339
-122.335716
896.856689
0.2983
-0.490606
-9.664211
0
768.672119
-132.387253
896.339172
0.612079
-0.494198
-9.644374
0
827.825806
-142.415848
895.817749
0.899158
-0.497928
-9.622159
0
886.983948
-152.417969
895.294678
1.190035
-0.499512
-9.596523
0
946.148315
-162.383255
894.771606
1.477242
-0.499512
-9.56085
0
1005.319153
-172.310028
894.248535
1.795253
-0.499512
-9.523554
0
1064.499878
-182.178284
893.734802
2.101641
-0.490606
-9.466885
0
1123.690308
-191.987701
893.223206
2.383832
-0.488557
-9.409905
0
1183.137817
-200.087753
892.599609
2.9505
-0.595517
-7.75911
0
1242.590332
-208.149643
891.966248
2.950505
-0.60482
-7.722335
0
1302.04834
-216.170532
891.322449
2.950513
-0.614806
-7.68285
0
1361.511597
-224.151031
890.669128
2.950518
-0.623897
-7.643936
0
1420.981323
-232.082306
889.996826
2.95053
-0.64199
-7.596541
0
1480.459229
-239.950272
889.307678
2.950539
-0.658109
-7.535567
0
1539.946167
-247.747894
888.596375
2.950553
-0.679255
-7.46785
0
1599.445313
-255.449341
887.861389
2.950567
-0.701863
-7.375261
0
1658.957275
-263.049377
887.106934
2.950581
-0.720482
-7.277634
0
1718.89563
-265.600983
886.166992
2.950729
-0.897617
-2.437653
0
1778.839478
-268.020752
885.227051
2.95073
-0.897617
-2.311615
0
1838.785767
-270.377441
884.287109
2.95073
-0.897617
-2.251343
0
1898.732056
-272.734375
883.342834
2.950735
-0.901756
-2.251558
0
1958.678345
-275.091309
882.39856
2.950735
-0.901756
-2.251558
0
2018.624634
-277.448242
881.454285
2.950735
-0.901756
-2.251558
0
2078.570801
-279.805176
880.51001
2.950735
-0.901756
-2.251558
0
2138.51709
-282.162109
879.565735
2.950735
-0.901756
-2.251558
0
2198.463379
-284.519043
878.62146
2.950735
-0.901756
-2.251558
0
2258.385254
-281.525299
877.986023
3.585011
-0.606808
2.860152
0
2318.30249
-278.436829
877.365601
3.885916
-0.592498
2.950736
0
2378.2146
-275.250366
876.75293
4.197458
-0.585047
3.044437
0
2438.120117
-271.940063
876.147095
4.511307
-0.578524
3.16286
0
2498.017578
-268.483673
875.548889
4.833922
-0.571216
3.302591
0
2557.904541
-264.850159
874.954407
5.188972
-0.567712
3.472035
0
2617.775879
-260.966034
874.368103
5.53051
-0.559905
3.711853
0
2677.630615
-256.831482
873.802429
5.839719
-0.540193
3.951509
0
2737.470215
-252.480347
873.260498
6.136117
-0.517517
4.158857
0
2797.294434
-247.920471
872.741394
6.136107
-0.495701
4.358725
0
2856.625
-238.991501
872.340088
6.136265
-0.383242
8.558534
0
2915.932373
-229.910019
871.928223
6.13628
-0.39331
8.705857
0
2975.210693
-220.641205
871.512451
6.13629
-0.397066
8.886885
0
3034.461914
-211.201279
871.088806
6.136304
-0.404566
9.052327
0
3093.687988
-201.60463
870.665161
6.136307
-0.404566
9.203918
0
3152.895508
-191.893738
870.241516
6.136312
-0.404566
9.314441
0
3212.085449
-182.077164
869.817871
6.136314
-0.404566
9.416739
0
3271.255859
-172.143158
869.385681
6.136328
-0.412721
9.530439
0
3330.406738
-162.093506
868.950134
6.13634
-0.415897
9.64245
0
3389.5354
-151.914902
868.514587
6.136345
-0.415897
9.767373
0
3448.52832
-140.978775
868.016541
6.13646
-0.475579
10.502334
0
3507.52124
-130.042648
867.518494
6.13646
-0.475579
10.502334
0
3566.51416
-119.106522
867.020447
6.13646
-0.475579
10.502334
0
3625.50708
-108.170395
866.5224
6.13646
-0.475579
10.502334
0
3684.5
-97.234268
866.024353
6.13646
-0.475579
10.502334
0
3743.49292
-86.298141
865.526306
6.13646
-0.475579
10.502334
0
3802.48584
-75.362015
865.028259
6.13646
-0.475579
10.502334
0
3861.47876
-64.425888
864.530212
6.13646
-0.475579
10.502334
0
3919.991211
-51.170082
863.763
6.136851
-0.732668
12.764771
0
3978.44751
-37.670639
862.974854
6.136886
-0.752618
13.003511
0
4036.830322
-23.857807
862.174072
6.136912
-0.764742
13.310909
0
4095.143555
-9.753666
861.36615
6.136929
-0.771531
13.596989
0
4153.380859
4.660389
860.558228
6.136933
-0.771531
13.90169
0
4211.539551
19.388336
859.733093
6.136965
-0.787992
14.210773
0
4269.613281
34.446892
858.897278
6.136988
-0.798155
14.536754
0
4327.572754
49.93821
858.049072
6.137016
-0.809999
14.96418
0
4384.316406
69.413483
857.127319
6.137323
-0.880247
18.942938
0
4440.94873
89.208694
856.176025
6.137378
-0.90847
19.266447
0
4497.450684
109.372589
855.192322
6.137439
-0.93939
19.640057
0
4553.776855
130.019714
854.163391
6.137525
-0.982605
20.131098
0
4609.932129
151.124908
853.099487
6.137599
-1.016025
20.597965
0
4665.931152
172.639954
852.005005
6.137665
-1.045217
21.016918
0
4721.779297
194.542435
850.884216
6.137722
-1.070345
21.414021
0
4777.466309
216.850586
849.747864
6.137762
-1.085201
21.83091
0
4833.004883
239.525558
848.611511
6.137766
-1.085201
22.208838
0
4888.421387
262.49765
847.479553
6.137765
-1.081021
22.515652
0
4943.496582
286.275513
846.315063
6.137884
-1.112091
23.351549
0
4998.509277
310.196625
845.139648
6.137918
-1.122514
23.50075
0
5053.439453
334.306366
843.964233
6.137921
-1.122514
23.697367
0
5108.28418
358.609589
842.784607
6.137939
-1.126558
23.899355
0
5163.023438
383.148712
841.582397
6.137996
-1.1481
24.146236
0
5217.626953
407.987183
840.355469
6.138056
-1.171678
24.460169
0
5272.087891
433.135803
839.107422
6.13811
-1.191854
24.786226
0
5326.38623
458.632202
837.841736
6.138159
-1.208711
25.152811
0
5380.540527
484.432495
836.556763
6.138212
-1.227173
25.474081
0
5434.570801
510.491302
835.255615
6.138258
-1.242616
25.74807
0
5488.478516
536.800598
833.930847
6.138319
-1.265163
26.014242
0
5542.287109
563.311707
832.594238
6.138359
-1.27646
26.229067
0
5595.993164
590.029602
831.242249
6.138402
-1.291165
26.449591
0
5649.56543
617.01355
829.872742
6.138451
-1.307892
26.733992
0
5701.53125
646.975952
828.528076
6.138645
-1.284144
29.966894
0
5753.447266
677.025818
827.204407
6.138605
-1.264097
30.063089
0
5805.313965
707.161316
825.900757
6.138568
-1.245
30.15737
0
5857.130859
737.383606
824.621338
6.138523
-1.221832
30.25304
0
5908.902832
767.683594
823.361755
6.138491
-1.202912
30.33877
0
5960.632324
798.056763
822.12085
6.13846
-1.185079
30.41958
0
6012.312988
828.513672
820.899536
6.138429
-1.166337
30.512093
0
6063.936523
859.068298
819.700989
6.138392
-1.144583
30.620266
0
6115.500488
889.723999
818.527771
6.13835
-1.120411
30.73225
0
6167.003906
920.482117
817.368713
6.138331
-1.106894
30.845932
0
6218.433105
951.364502
816.221191
6.138315
-1.095842
30.984161
0
6269.766602
982.405823
815.086182
6.138303
-1.083924
31.161251
0
6321.019043
1013.58197
813.970459
6.138275
-1.065482
31.311628
0
6372.191895
1044.888672
812.871399
6.138254
-1.049561
31.457554
0
6422.802246
1077.101196
811.899658
5.579638
-0.928011
32.476067
0
6473.412598
1109.313843
810.927917
5.265876
-0.928011
32.476086
0
6524.022949
1141.526489
809.956177
4.971955
-0.928011
32.476101
0
6574.633301
1173.739502
808.988708
4.646022
-0.92392
32.476498
0
6625.250977
1205.941162
808.030762
4.328907
-0.914815
32.4636
0
6675.897461
1238.097412
807.084534
4.012232
-0.90362
32.412132
0
6726.583008
1270.192993
806.151184
3.699737
-0.891326
32.343292
0
6777.310547
1302.222046
805.233032
3.364714
-0.876832
32.267971
0
6828.084473
1334.177856
804.327942
3.026904
-0.864319
32.185177
0
6879.418945
1365.230957
803.656799
1.152107
-0.640897
31.170431
0
6930.782227
1396.237305
802.993469
0.821865
-0.633425
31.118206
0
6982.181152
1427.184692
802.348633
0.495531
-0.615782
31.052309
0
7033.612793
1458.077515
801.715088
0.186674
-0.605011
30.991346
0
7085.077148
1488.916504
801.099548
-0.113678
-0.587833
30.931339
0
7136.579102
1519.692871
800.497864
-0.425751
-0.574542
30.861563
0
7188.123535
1550.398193
799.90863
-0.729187
-0.562712
30.782555
0
7239.709961
1581.032959
799.331116
-1.059143
-0.55151
30.704035
0
7291.354492
1611.569946
798.766174
-1.368439
-0.539489
30.595438
0
7343.053711
1642.014526
798.212341
-1.727386
-0.528896
30.492849
0
7396.590332
1669.10083
797.781494
-3.871187
-0.411437
26.836771
0
7450.167969
1696.105591
797.361511
-4.201542
-0.401062
26.749384
0
7503.797852
1723.006592
796.954285
-4.523777
-0.388877
26.638477
0
7557.476074
1749.811157
796.555908
-4.848516
-0.380401
26.535454
0
7612.619141
1773.451416
795.921265
-6.640393
-0.606043
23.205183
0
7667.830078
1796.932617
795.286621
-6.958995
-0.606043
23.040079
0
7723.13916
1820.181396
794.651978
-7.279189
-0.606043
22.799137
0
7778.549316
1843.187988
794.017334
-7.579636
-0.606043
22.54842
0
7834.048828
1865.978271
793.373962
-7.881124
-0.614382
22.324989
0
7889.632813
1888.561768
792.718872
-8.18996
-0.62557
22.111748
0
7945.298828
1910.941772
792.063782
-8.496511
-0.62557
21.902111
0
8001.04541
1933.12085
791.408691
-8.812096
-0.62557
21.69549
0
8056.87793
1955.082886
790.762756
-9.139551
-0.616855
21.472454
0
8114.563965
1971.582764
790.532043
-10.070277
-0.220308
15.962066
0
8172.304688
1987.890503
790.297485
-10.070278
-0.223996
15.771333
0
8230.107422
2003.97583
790.062927
-10.070276
-0.223996
15.550743
0
8287.973633
2019.834351
789.828369
-10.070276
-0.223996
15.326079
0
8345.904297
2035.453125
789.598206
-10.070278
-0.219789
15.088787
0
8403.889648
2050.870117
789.368042
-10.070309
-0.219789
14.889284
0
8461.93457
2066.062012
789.137878
-10.070309
-0.219789
14.666874
0
8520.045898
2080.995117
788.907715
-10.070309
-0.219789
14.411714
0
8578.224609
2095.66626
788.677551
-10.070309
-0.219789
14.153501
0
8636.485352
2110.008057
788.46637
-10.070309
-0.201661
13.829449
0
8696.347656
2114.069336
788.409973
-10.070704
-0.053863
3.881099
0
8756.229492
2117.840332
788.371277
-10.070707
-0.036958
3.603392
0
8816.129883
2121.294678
788.356873
-10.070707
-0.013729
3.300462
0
8876.043945
2124.498779
788.359314
-10.070705
0.002329
3.06113
0
8935.97168
2127.451904
788.379211
-10.070708
0.018995
2.821223
0
8995.90918
2130.193848
788.419189
-10.070739
0.03816
2.619244
0
9055.854492
2132.748291
788.485535
-10.070771
0.063343
2.439994
0
9115.805664
2135.169434
788.582275
-10.070798
0.092392
2.312544
0
9175.805664
2135.169678
788.719727
-10.071039
0.131276
0.000345
0
9235.804688
2134.809326
788.843018
-10.071042
0.117759
-0.344025
0
9295.799805
2134.018799
788.947998
-10.071043
0.100233
-0.754822
0
9355.788086
2132.814209
789.052979
-10.071043
0.100233
-1.150268
0
9415.766602
2131.201416
789.162354
-10.071074
0.10442
-1.540192
0
9475.732422
2129.185791
789.282349
-10.071106
0.114611
-1.925049
0
9535.679688
2126.681641
789.41095
-10.071162
0.1228
-2.391907
0
9595.604492
2123.69043
789.552368
-10.071194
0.135026
-2.857666
0
9655.504883
2120.232178
789.698425
-10.071196
0.139452
-3.30414
0
9715.376953
2116.324219
789.848694
-10.071228
0.143523
-3.73456
0
9775.220703
2112.004395
789.994629
-10.071261
0.139343
-4.128696
0
9834.891602
2105.72998
789.997803
-10.071531
0.003012
-6.002603
0
9894.536133
2099.210693
789.93927
-10.071564
-0.055905
-6.237832
0
9954.140625
2092.333496
789.789307
-10.071592
-0.143222
-6.581736
0
10013.708008
2085.145508
789.558777
-10.071654
-0.220157
-6.880566
0
10073.237305
2077.64917
789.243225
-10.071743
-0.301334
-7.177228
0
10132.729492
2069.867188
788.848328
-10.071835
-0.377102
-7.452406
0
10192.180664
2061.786133
788.37146
-10.071961
-0.455355
-7.740525
0
10251.584961
2053.372803
787.806152
-10.072112
-0.539858
-8.061052
0
10310.945313
2044.656738
787.154907
-10.072265
-0.621875
-8.35332
0
10370.254883
2035.612305
786.410828
-10.072476
-0.710572
-8.670524
0
10429.508789
2026.217896
785.581116
-10.07269
-0.792329
-9.008995
0
10488.705078
2016.472046
784.671692
-10.072906
-0.868472
-9.349086
0
10547.837891
2006.351929
783.70813
-10.073088
-0.920197
-9.711758
0
10606.896484
1995.814087
782.702026
-10.073208
-0.960789
-10.11685
0
10665.410156
1982.595093
781.493896
-10.074006
-1.153769
-12.730265
0
10723.882813
1969.202026
780.253052
-10.074129
-1.18499
-12.900888
0
10782.297852
1955.56189
778.974976
-10.074306
-1.220541
-13.143345
0
10840.629883
1941.572632
777.671692
-10.0744
-1.244652
-13.486154
0
10898.887695
1927.281372
776.316528
-10.074613
-1.294218
-13.783212
0
10957.063477
1912.666382
774.892334
-10.074888
-1.360096
-14.102215
0
11015.131836
1897.640625
773.396484
-10.075192
-1.428589
-14.507512
0
11073.115234
1882.29248
771.855286
-10.07541
-1.471892
-14.826149
0
11130.995117
1866.56189
770.276123
-10.07559
-1.508174
-15.204655
0
11188.760742
1850.418579
768.669556
-10.075711
-1.53432
-15.613769
0
11246.394531
1833.81604
767.033813
-10.075864
-1.562214
-16.07007
0
11303.855469
1816.626465
765.378052
-10.076017
-1.58136
-16.65473
0
11361.175781
1798.973999
763.72229
-10.076019
-1.58136
-17.116755
0
11418.393555
1780.990356
762.083801
-10.075957
-1.564817
-17.447992
0
11475.501953
1762.660645
760.470276
-10.075862
-1.541013
-17.794579
0
11532.510742
1744.02002
758.894043
-10.075713
-1.50536
-18.106583
0
11589.443359
1725.142456
757.362793
-10.075525
-1.462391
-18.34444
0
11646.298828
1706.03064
755.876892
-10.075349
-1.419095
-18.58004
0
11703.101563
1686.758911
754.430725
-10.075191
-1.381132
-18.740942
0
11759.865234
1667.371582
753.022278
-10.075041
-1.34509
-18.857185
0
11816.62207
1647.962769
751.632813
-10.074979
-1.326955
-18.87882
0
11873.378906
1628.553955
750.243347
-10.074979
-1.326955
-18.87882
0
11930.135742
1609.145142
748.853882
-10.074979
-1.326955
-18.87882
0
11986.888672
1589.725586
747.456055
-10.075041
-1.33496
-18.889658
0
12043.609375
1570.211914
746.065369
-10.075037
-1.328117
-18.984655
0
12100.276367
1550.540405
744.683533
-10.075006
-1.319688
-19.144098
0
12156.855469
1530.616333
743.32196
-10.074948
-1.300325
-19.399536
0
12213.321289
1510.371338
741.986816
-10.074855
-1.275053
-19.724604
0
12269.642578
1489.728516
740.655701
-10.074858
-1.271235
-20.12878
0
12325.796875
1468.635254
739.338806
-10.074828
-1.257615
-20.587543
0
12381.802734
1447.150024
738.026184
-10.074857
-1.253565
-20.988018
0
12437.65332
1425.265259
736.713562
-10.074854
-1.253565
-21.397249
0
12493.339844
1402.964233
735.40094
-10.074854
-1.253565
-21.824953
0
12548.844727
1380.216309
734.088318
-10.074855
-1.253565
-22.285553
0
12604.186523
1357.075317
732.770996
-10.074888
-1.258046
-22.691893
0
12659.361328
1333.53833
731.440063
-10.074948
-1.271016
-23.102623
0
12714.376953
1309.633545
730.095764
-10.075008
-1.283816
-23.485216
0
12769.257813
1285.420776
728.739258
-10.075072
-1.295461
-23.806417
0
12824.022461
1260.945801
727.378601
-10.075101
-1.299437
-24.080494
0
12878.670898
1236.213013
726.017944
-10.0751
-1.299437
-24.350601
0
12933.201172
1211.220947
724.666626
-10.075068
-1.290523
-24.622667
0
12987.615234
1185.975098
723.323975
-10.075043
-1.282225
-24.889517
0
13041.915039
1160.485962
721.981323
-10.075039
-1.282225
-25.145836
0
13096.151367
1134.860107
720.663696
-10.074951
-1.25836
-25.289995
0
13150.382813
1109.222412
719.364868
-10.07492
-1.240383
-25.302259
0
13203.790039
1081.926147
717.752869
-10.076444
-1.539518
-27.071447
0
13257.061523
1054.367065
716.120972
-10.076535
-1.558533
-27.354094
0
13310.157227
1026.473267
714.467712
-10.076689
-1.578914
-27.714911
0
13363.054688
998.205688
712.791626
-10.076813
-1.600771
-28.119368
0
13415.775391
969.611572
711.091125
-10.076935
-1.624041
-28.474014
0
13468.305664
940.669373
709.38623
-10.076962
-1.628296
-28.85302
0
13520.640625
911.376038
707.67688
-10.076994
-1.632504
-29.236811
0
13572.751953
881.68634
705.972595
-10.076992
-1.627716
-29.671579
0
13624.711914
851.731567
704.276917
-10.076965
-1.619445
-29.963366
0
13676.564453
821.591125
702.589661
-10.076962
-1.611419
-30.168135
0
13728.342773
791.321716
700.917969
-10.076905
-1.596557
-30.310537
0
13780.089844
760.998718
699.26178
-10.076875
-1.581756
-30.3696
0
13831.849609
730.694336
697.643616
-10.076749
-1.545439
-30.34841
0
13883.646484
700.451721
696.064331
-10.076598
-1.50827
-30.279501
0
13935.443359
670.209106
694.485046
-10.076598
-1.50827
-30.279501
0
13987.240234
639.966492
692.905762
-10.076598
-1.50827
-30.279501
0
14039.037109
609.723877
691.326477
-10.076598
-1.50827
-30.279501
0
14090.382813
578.7276
689.626404
-10.077332
-1.623645
-31.118711
0
14141.586914
547.49939
687.908569
-10.077449
-1.640652
-31.378168
0
14192.625
516.002808
686.161621
-10.077604
-1.668424
-31.67944
0
14243.501953
484.247406
684.379761
-10.077788
-1.701776
-31.971041
0
14294.168945
452.16095
682.550415
-10.07803
-1.747162
-32.34552
0
14344.608398
419.721771
680.669495
-10.078305
-1.796415
-32.746246
0
14394.824219
386.939789
678.751404
-10.078522
-1.831966
-33.137234
0
14444.833008
353.843353
676.803345
-10.078704
-1.860557
-33.497387
0
14494.631836
320.434479
674.825439
-10.078887
-1.8891
-33.85672
0
14544.225586
286.72406
672.81366
-10.079132
-1.921435
-34.205105
0
14593.611328
252.712128
670.765686
-10.079346
-1.956043
-34.554951
0
14642.806641
218.426773
668.676819
-10.079618
-1.995146
-34.873711
0
14691.836914
183.909027
666.551636
-10.079865
-2.029836
-35.145676
0
14740.709961
149.170898
664.394165
-10.080075
-2.060702
-35.404396
0
14789.457031
114.256737
662.213013
-10.080226
-2.083303
-35.611595
0
14838.131836
79.243271
660.023987
-10.080291
-2.090816
-35.728596
0
14886.739258
44.135838
657.834961
-10.080289
-2.090816
-35.839275
0
14933.899414
7.116409
655.489319
-9.792994
-2.240473
-38.13102
0
14980.900391
-30.105011
653.143677
-9.462214
-2.240473
-38.376842
0
15027.677734
-67.60733
650.807617
-9.139853
-2.231348
-38.719799
0
15074.254883
-105.358208
648.48407
-8.819449
-2.219388
-39.024521
0
15120.652344
-143.330383
646.168762
-8.504229
-2.211513
-39.29702
0
15166.887695
-181.500397
643.86145
-8.176471
-2.203856
-39.541534
0
15212.962891
-219.864563
641.571472
-7.829118
-2.187306
-39.782013
0
15258.874023
-258.426422
639.296082
-7.499802
-2.173359
-40.027878
0
15302.527344
-299.525787
637.014771
-7.116134
-2.179015
-43.273785
0
15345.854492
-340.966888
634.700684
-6.680004
-2.210324
-43.72509
0
15388.745117
-382.856171
632.320068
-6.306163
-2.273927
-44.323139
0
15431.301758
-425.080383
629.866699
-5.961099
-2.343445
-44.775089
0
15473.583984
-467.575195
627.335999
-5.644721
-2.417354
-45.143692
0
15515.644531
-510.286194
624.752441
-5.298071
-2.467891
-45.439613
0
15557.455078
-553.238098
622.105408
-4.916814
-2.528563
-45.771442
0
15599.008789
-596.435791
619.416565
-4.536259
-2.568506
-46.111107
0
15640.360352
-639.826355
616.706116
-4.21085
-2.589133
-46.378677
0
15681.605469
-683.318115
613.995667
-4.21085
-2.589133
-46.519035
0
15722.142578
-727.474854
611.36084
-4.210636
-2.516904
-47.447365
0
15762.418945
-771.868042
608.703674
-3.866579
-2.538235
-47.783634
0
15802.412109
-816.516418
606.046509
-3.550812
-2.538235
-48.147934
0
15842.167969
-861.377197
603.407776
-3.229006
-2.520599
-48.452305
0
15881.670898
-906.462891
600.794373
-2.876589
-2.496427
-48.776253
0
15920.875977
-951.80896
598.204102
-2.549072
-2.47427
-49.154228
0
15959.852539
-997.353577
595.64447
-2.220276
-2.445037
-49.443825
0
15998.644531
-1043.057251
593.115601
-1.883911
-2.415578
-49.676659
0
16037.3125
-1088.866699
590.61438
-1.883881
-2.389152
-49.831825
0
16075.072266
-1135.434814
588.248718
-1.883727
-2.259611
-50.963089
0
16112.791992
-1182.036133
585.887085
-1.883727
-2.255772
-51.013214
0
16150.473633
-1228.668457
583.533569
-1.883728
-2.24804
-51.05991
0
16188.130859
-1275.321045
581.195557
-1.883697
-2.233212
-51.090145
0
16225.78418
-1321.976929
578.857544
-1.883698
-2.233212
-51.095181
0
16263.4375
-1368.632813
576.519531
-1.883698
-2.233212
-51.095181
0
16301.086914
-1415.291626
574.181519
-1.883698
-2.233212
-51.099609
0
16338.736328
-1461.950439
571.843506
-1.883698
-2.233212
-51.099609
0
16376.385742
-1508.609253
569.505493
-1.883698
-2.233212
-51.099609
0
16414.035156
-1555.268066
567.16748
-1.883698
-2.233212
-51.099609
0
16451.685547
-1601.92688
564.829468
-1.883698
-2.233212
-51.099609
1
17446.611328
-2835.710938
503.940094
0.0
-1.431505
-51.564396
1
17483.894531
-2882.69751
502.457275
0.000001
-1.416137
-51.568279
1
17521.177734
-2929.684326
500.987549
0.000001
-1.403618
-51.568306
1
17558.460938
-2976.671631
499.539795
0.0
-1.382621
-51.56834
1
17595.746094
-3023.65918
498.110657
0.000001
-1.364856
-51.568367
1
17633.03125
-3070.647217
496.696655
0.000001
-1.35039
-51.568394
1
17670.316406
-3117.635254
495.291565
0.000001
-1.341886
-51.568436
1
17707.601563
-3164.623535
493.895538
0.000001
-1.333219
-51.56847
1
17745.871094
-3210.815918
492.582886
0.000001
-1.253592
-50.359245
1
17784.140625
-3257.008301
491.270233
0.000001
-1.253592
-50.359245
1
17822.410156
-3303.200684
489.957581
0.000001
-1.253592
-50.359245
1
17860.679688
-3349.393066
488.644928
0.000001
-1.253592
-50.359245
1
17898.949219
-3395.585449
487.332275
0.000001
-1.253592
-50.359245
1
17937.21875
-3441.777832
486.019623
0.000001
-1.253592
-50.359245
1
17975.488281
-3487.970215
484.70697
0.000001
-1.253592
-50.359245
1
18013.757813
-3534.162598
483.394318
0.000001
-1.253592
-50.359245
1
18052.027344
-3580.35498
482.081665
0.000001
-1.253592
-50.359245
1
18092.291016
-3624.832764
481.377502
3.454425
-0.672453
-47.84639
1
18132.681641
-3669.195801
480.69693
3.454411
-0.649906
-47.683098
1
18173.222656
-3713.422363
480.047821
3.454393
-0.619874
-47.489532
1
18213.958984
-3757.470215
479.44693
3.454366
-0.573818
-47.236885
1
18254.914063
-3801.314453
478.909027
3.454333
-0.513664
-46.950832
1
18296.105469
-3844.938721
478.437714
3.454303
-0.450075
-46.643402
1
18337.550781
-3888.321777
478.049591
3.454268
-0.370633
-46.308315
1
18379.25
-3931.462402
477.740234
3.454243
-0.295412
-45.973587
1
18421.212891
-3974.346191
477.503662
3.454225
-0.225929
-45.621399
1
18463.376953
-4017.032227
477.318054
3.454217
-0.17725
-45.352158
1
18505.714844
-4059.546387
477.167511
3.454211
-0.143762
-45.118977
1
18550.832031
-4099.098633
477.443329
3.454274
0.263393
-41.239979
1
18596.126953
-4138.446777
477.746063
3.454283
0.289101
-40.980877
1
18641.630859
-4177.551758
478.077026
3.454294
0.316047
-40.674561
1
18687.306641
-4216.456055
478.420319
3.454299
0.327835
-40.422161
1
18733.134766
-4255.181152
478.763611
3.454299
0.327835
-40.197865
1
18779.070313
-4293.778809
479.082703
3.454294
0.304722
-40.038738
1
18825.052734
-4332.321777
479.370239
3.454287
0.274587
-39.970089
1
18871.019531
-4370.883301
479.618011
3.454278
0.236605
-39.993504
1
18916.923828
-4409.519043
479.829803
3.454272
0.202235
-40.085983
1
18962.828125
-4448.154785
480.041595
3.454272
0.202235
-40.085983
1
19009.386719
-4486.001465
479.975922
3.454266
-0.062728
-39.107254
1
19056.076172
-4523.685059
479.863525
3.766226
-0.10733
-38.907059
1
19102.947266
-4561.144043
479.712738
4.105556
-0.14398
-38.632004
1
19150.046875
-4598.312988
479.529877
4.437601
-0.174634
-38.278679
1
19197.373047
-4635.194336
479.330902
4.775779
-0.189995
-37.929276
1
19244.939453
-4671.765137
479.12738
5.102386
-0.194333
-37.554661
1
19292.722656
-4708.05127
478.928131
5.428095
-0.190275
-37.212612
1
19340.720703
-4744.053223
478.752075
5.738961
-0.168125
-36.872356
1
19388.908203
-4779.802734
478.59906
6.055537
-0.146118
-36.571571
1
19437.289063
-4815.290039
478.485443
6.377941
-0.108491
-36.260643
1
19490.160156
-4843.655273
478.651184
6.378225
0.158283
-28.21327
1
19543.128906
-4871.837402
478.797974
6.378228
0.140183
-28.01478
1
19596.167969
-4899.888672
478.932098
6.378235
0.128066
-27.873823
1
19649.240234
-4927.877441
479.052704
6.37824
0.11515
-27.805979
1
19702.292969
-4955.900879
479.168488
6.378248
0.110574
-27.843298
1
19755.328125
-4983.958984
479.284271
6.378253
0.110574
-27.880919
1
19808.357422
-5012.028809
479.400055
6.378258
0.110574
-27.893831
1
19861.386719
-5040.098633
479.515839
6.378258
0.110574
-27.893831
1
19914.416016
-5068.168457
479.631622
6.378258
0.110574
-27.893831
1
19967.445313
-5096.238281
479.747406
6.378258
0.110574
-27.893831
1
20021.103516
-5123.083008
479.440277
6.378421
-0.293275
-26.578178
1
20074.876953
-5149.695313
479.063904
6.378472
-0.359405
-26.330469
1
20128.820313
-5175.959473
478.597534
6.378548
-0.445342
-25.960251
1
20182.988281
-5201.757324
478.042603
6.378639
-0.529927
-25.46666
1
20237.472656
-5226.879395
477.40155
6.378742
-0.612183
-24.753864
1
20292.257813
-5251.334473
476.695282
6.378829
-0.67444
-24.055124
1
20347.326172
-5275.145996
475.939056
6.378905
-0.72217
-23.38378
1
20402.693359
-5298.253418
475.151764
6.378956
-0.751833
-22.65344
1
20458.306641
-5320.758301
474.355347
6.378978
-0.760548
-22.031429
1
20514.082031
-5342.861328
473.555023
6.378995
-0.764284
-21.618204
1
20570.001953
-5364.592285
472.758911
6.378998
-0.760241
-21.236462
1
20625.958984
-5386.230469
472.038208
6.378933
-0.68823
-21.140846
1
20681.916016
-5407.868652
471.317505
6.378933
-0.68823
-21.140846
1
20737.869141
-5429.519043
470.596802
6.378937
-0.68823
-21.153332
1
20793.841797
-5451.116699
469.871765
6.378953
-0.692383
-21.09956
1
20849.869141
-5472.574707
469.142792
6.378967
-0.696133
-20.956768
1
20905.998047
-5493.76416
468.448456
6.378934
-0.663054
-20.681927
1
20962.220703
-5514.705078
467.758514
6.378937
-0.658874
-20.428368
1
21018.519531
-5535.440918
467.064545
6.378949
-0.662713
-20.219475
1
21074.90625
-5555.9375
466.352661
6.37898
-0.679802
-19.976309
1
21131.408203
-5576.110352
465.625
6.379011
-0.694883
-19.647888
1
21188.066406
-5595.84082
464.873413
6.379052
-0.717737
-19.199896
1
21244.873047
-5615.138672
464.095428
6.379098
-0.742947
-18.76313
1
21301.84375
-5633.947266
463.2836
6.379154
-0.775267
-18.270672
1
21358.964844
-5652.292969
462.450806
6.379197
-0.795287
-17.805779
1
21416.240234
-5670.149902
461.598206
6.379239
-0.814206
-17.316368
1
21473.654297
-5687.549805
460.721313
6.379284
-0.837395
-16.859703
1
21532.076172
-5701.177734
459.606964
6.379866
-1.064178
-13.13075
1
21590.527344
-5714.672852
458.492615
6.379873
-1.064178
-13.000194
1
21649.021484
-5727.986328
457.373352
6.379892
-1.068877
-12.822427
1
21707.548828
-5741.154297
456.254089
6.379895
-1.068877
-12.680182
1
21766.117188
-5754.133789
455.119568
6.379936
-1.083473
-12.495338
1
21824.724609
-5766.930176
453.970215
6.379978
-1.097611
-12.316504
1
21883.365234
-5779.57959
452.804535
6.380023
-1.113212
-12.173132
1
21942.041016
-5792.062012
451.625641
6.380059
-1.12582
-12.009768
1
22000.746094
-5804.402344
450.430084
6.380103
-1.141755
-11.871344
1
22059.484375
-5816.583496
449.221954
6.380141
-1.153735
-11.715822
1
22118.255859
-5828.599609
448.00119
6.380175
-1.165824
-11.555241
1
22177.0625
-5840.438477
446.757629
6.380234
-1.187592
-11.382513
1
22235.910156
-5852.075684
445.486755
6.380306
-1.213677
-11.185944
1
22294.791016
-5863.534668
444.181641
6.380395
-1.2464
-11.012668
1
22353.710938
-5874.787598
442.829041
6.380517
-1.291746
-10.812348
1
22412.660156
-5885.884766
441.433777
6.380632
-1.332481
-10.661132
1
22471.634766
-5896.835938
439.994476
6.380753
-1.374569
-10.519621
1
22530.640625
-5907.611816
438.498138
6.380909
-1.429046
-10.349545
1
22589.679688
-5918.197266
436.933838
6.381105
-1.49396
-10.165252
1
22648.744141
-5928.627441
435.310913
6.38128
-1.549947
-10.014585
1
22707.832031
-5938.912109
433.638672
6.381435
-1.597069
-9.873684
1
22767.041016
-5948.466797
431.890717
6.381842
-1.669401
-9.167169
1
22826.273438
-5957.875
430.132172
6.381884
-1.679523
-9.025445
1
22885.535156
-5967.094238
428.373627
6.381887
-1.679523
-8.84246
1
22944.835938
-5976.054199
426.615082
6.381891
-1.679523
-8.591879
1
23004.185547
-5984.689941
424.871735
6.381859
-1.665009
-8.278979
1
23063.583984
-5992.993652
423.156677
6.381781
-1.637961
-7.95848
1
23123.027344
-6000.976563
421.472656
6.381698
-1.608339
-7.648698
1
23182.505859
-6008.688965
419.82312
6.381603
-1.575369
-7.388015
1
23242.019531
-6016.133301
418.20578
6.381522
-1.544634
-7.129622
1
23301.568359
-6023.308105
416.614227
6.381458
-1.51999
-6.870403
1
23361.146484
-6030.240234
415.041229
6.381416
-1.502286
-6.637004
1
23420.742188
-6037.009277
413.480072
6.381393
-1.490969
-6.480021
1
23480.349609
-6043.674805
411.918915
6.381399
-1.490969
-6.38032
1
23539.958984
-6050.321777
410.348022
6.381435
-1.500271
-6.362651
1
23599.564453
-6057.01123
408.756989
6.381502
-1.519498
-6.403483
1
23659.166016
-6063.724609
407.161285
6.381524
-1.523959
-6.42649
1
23718.767578
-6070.437988
405.565582
6.381524
-1.523959
-6.42649
1
23778.369141
-6077.151367
403.969879
6.381524
-1.523959
-6.42649
1
23837.970703
-6083.864746
402.374176
6.381524
-1.523959
-6.42649
1
23897.839844
-6087.546387
400.909851
6.38134
-1.398468
-3.518801
1
23957.71875
-6091.060059
399.438049
6.38137
-1.405612
-3.358095
1
24017.609375
-6094.373047
397.957153
6.381404
-1.414307
-3.166351
1
24077.509766
-6097.512207
396.476257
6.381408
-1.414307
-3.000002
1
24137.417969
-6100.473145
394.990326
6.381431
-1.419095
-2.829407
1
24197.332031
-6103.317383
393.50943
6.381425
-1.414307
-2.717926
1
24257.248047
-6106.117676
392.024078
6.381448
-1.418548
-2.675843
1
24317.162109
-6108.945801
390.513855
6.381525
-1.44231
-2.702423
1
24377.070313
-6111.880371
388.999725
6.381541
-1.44604
-2.804169
1
24436.978516
-6114.833496
387.485596
6.381546
-1.44604
-2.822112
1
24496.886719
-6117.786621
385.971466
6.381546
-1.44604
-2.822112
1
24556.794922
-6120.739746
384.457336
6.381546
-1.44604
-2.822112
1
24616.703125
-6123.692871
382.943207
6.381546
-1.44604
-2.822112
1
24676.648438
-6125.817383
381.545868
5.488568
-1.334475
-2.029877
1
24736.597656
-6127.839844
380.152191
5.169507
-1.330978
-1.932068
1
24796.550781
-6129.735352
378.767456
4.844409
-1.322448
-1.811066
1
24856.509766
-6131.503418
377.386932
4.530182
-1.318418
-1.689117
1
24916.470703
-6133.152344
376.010376
4.196108
-1.314634
-1.575195
1
24976.435547
-6134.663086
374.63382
3.889099
-1.314634
-1.443329
1
25036.404297
-6136.060547
373.257263
3.579656
-1.314634
-1.334839
1
25096.375
-6137.34375
371.880707
3.272124
-1.314634
-1.225708
1
25156.347656
-6138.51416
370.50415
2.966598
-1.314634
-1.11792
1
25216.332031
-6138.495605
369.138306
1.757053
-1.304409
0.01788
1
25276.316406
-6138.477051
367.772461
1.757053
-1.304409
0.01788
1
25336.300781
-6138.458496
366.406616
1.757053
-1.304409
0.01788
1
25396.285156
-6138.439941
365.040771
1.757053
-1.304409
0.01788
1
25456.269531
-6138.421387
363.674927
1.757053
-1.304409
0.01788
1
25516.253906
-6138.392578
362.341125
1.757032
-1.273803
0.02757
1
25576.240234
-6138.361816
361.063843
1.756995
-1.21981
0.029226
1
25636.228516
-6138.338867
359.843811
1.756961
-1.165135
0.022059
1
25696.216797
-6138.335449
358.699158
1.756917
-1.093138
0.003087
1
25756.207031
-6138.372559
357.644379
1.756869
-1.007282
-0.03537
1
25816.199219
-6138.467285
356.697693
1.756816
-0.904051
-0.090576
1
25876.193359
-6138.632324
355.857391
1.756769
-0.802465
-0.157837
1
25936.1875
-6138.872559
355.104065
1.756735
-0.71939
-0.229645
1
25996.181641
-6139.424805
354.512695
1.756683
-0.564727
-0.527191
1
26056.175781
-6139.977051
353.921326
1.756683
-0.564727
-0.527191
1
26116.169922
-6140.529297
353.329956
1.756683
-0.564727
-0.527191
1
26176.164063
-6141.081543
352.738586
1.756683
-0.564727
-0.527191
1
26236.158203
-6141.633301
352.15155
1.756682
-0.560581
-0.527069
1
26296.154297
-6142.148438
351.605347
1.756671
-0.521608
-0.491821
1
26356.150391
-6142.64209
351.104401
1.756659
-0.478366
-0.471283
1
26416.146484
-6143.094727
350.692291
1.756639
-0.393521
-0.432312
1
26476.144531
-6143.575684
350.358704
1.756625
-0.31854
-0.459198
1
26536.140625
-6144.125
350.130554
1.756611
-0.217856
-0.52478
1
26596.136719
-6144.744141
349.997253
1.756603
-0.127287
-0.591034
1
26656.132813
-6145.412109
349.973053
1.756598
-0.023107
-0.637848
1
26716.128906
-6146.117676
350.068085
1.7566
0.090739
-0.673798
1
26776.125
-6146.838379
350.269073
1.756608
0.191942
-0.688293
1
26836.119141
-6147.564453
350.57312
1.75662
0.290338
-0.693146
1
26896.113281
-6148.282227
350.983276
1.756639
0.39167
-0.685425
1
26956.103516
-6148.840332
351.958588
1.756832
0.931406
-0.532837
1
27016.089844
-6149.477539
353.047852
1.75689
1.040231
-0.608368
1
27076.072266
-6150.227051
354.308624
1.756988
1.204046
-0.715729
1
27136.050781
-6151.061523
355.712646
1.757081
1.340875
-0.797089
1
27196.023438
-6151.951172
357.258942
1.757184
1.476762
-0.849915
1
27255.992188
-6152.874023
358.961151
1.757308
1.625694
-0.881592
1
27315.957031
-6153.821289
360.790405
1.757418
1.747094
-0.904846
1
27375.917969
-6154.78125
362.730255
1.757519
1.852736
-0.917267
1
27435.876953
-6155.738281
364.759277
1.757606
1.937943
-0.914642
1
27495.832031
-6156.684082
366.855286
1.757674
2.001928
-0.903656
1
27555.787109
-6157.61084
369.003113
1.757727
2.051461
-0.88562
1
27615.740234
-6158.531738
371.187317
1.757766
2.086226
-0.880188
1
27675.693359
-6159.438965
373.39801
1.757794
2.111546
-0.86676
1
27735.644531
-6160.321777
375.632385
1.75782
2.134147
-0.843445
1
27795.511719
-6161.458496
379.451019
1.760169
3.649001
-1.087891
1
27855.373047
-6162.604492
383.364685
1.760349
3.739911
-1.096954
1
27915.230469
-6163.734863
387.334686
1.760457
3.793849
-1.081818
1
27975.087891
-6164.805664
391.331299
1.760509
3.819298
-1.024994
1
28034.945313
-6165.829102
395.332611
1.760519
3.823806
-0.979706
1
28094.804688
-6166.808594
399.324066
1.760499
3.81438
-0.937592
1
28154.664063
-6167.788086
403.315521
1.760499
3.81438
-0.937592
1
28214.523438
-6168.767578
407.306976
1.760499
3.81438
-0.937592
1
28274.382813
-6169.74707
411.298431
1.760499
3.81438
-0.937592
1
28334.242188
-6170.726563
415.289886
1.760499
3.81438
-0.937592
1
28394.101563
-6171.706055
419.281342
1.760499
3.81438
-0.937592
1
28453.837891
-6172.795898
424.798492
1.764074
5.275945
-1.045166
1
28513.570313
-6173.819824
430.375732
1.76424
5.333571
-0.982117
1
28573.298828
-6174.740723
436.006256
1.764388
5.384675
-0.883392
1
28633.025391
-6175.575195
441.658203
1.764447
5.40522
-0.800537
1
28692.751953
-6176.338379
447.326538
1.764493
5.420937
-0.731903
1
28752.478516
-6177.091309
452.994873
1.764493
5.420937
-0.722321
1
28812.205078
-6177.844238
458.663208
1.764493
5.420937
-0.722321
1
28871.931641
-6178.597168
464.331543
1.764493
5.420937
-0.722321
1
28931.658203
-6179.350098
469.999878
1.764493
5.420937
-0.722321
1
28991.384766
-6180.103027
475.668213
1.764493
5.420937
-0.722321
1
29051.111328
-6180.855957
481.336548
1.764493
5.420937
-0.722321
1
29110.837891
-6181.608887
487.004883
1.764493
5.420937
-0.722321
1
29170.40625
-6182.34082
494.147125
1.769183
6.836548
-0.704102
1
29229.978516
-6183.02832
501.270752
1.769117
6.818646
-0.661407
1
29289.550781
-6183.671387
508.388763
1.769097
6.813257
-0.618439
1
29349.123047
-6184.314453
515.506775
1.769097
6.813257
-0.618439
1
29408.695313
-6184.95752
522.624817
1.769097
6.813257
-0.618439
1
29468.267578
-6185.600586
529.742859
1.769097
6.813257
-0.618439
1
29527.839844
-6186.243652
536.860901
1.769097
6.813257
-0.618439
1
29587.412109
-6186.886719
543.978943
1.769097
6.813257
-0.618439
1
29646.960938
-6187.404785
551.301453
1.769827
7.009946
-0.498535
1
29706.515625
-6187.912109
558.573547
1.769643
6.961452
-0.487915
1
29766.076172
-6188.411133
565.80249
1.769487
6.919944
-0.479981
1
29825.644531
-6188.895996
572.966736
1.769255
6.857708
-0.466339
1
29885.21875
-6189.368652
580.0849
1.769091
6.813386
-0.454407
1
29944.798828
-6189.832031
587.156067
1.768925
6.768171
-0.44577
1
30004.384766
-6190.283203
594.180298
1.76876
6.723084
-0.433655
1
30063.974609
-6190.725098
601.162476
1.768613
6.682636
-0.424774
1
30123.572266
-6191.152832
608.092773
1.768433
6.632742
-0.411346
1
30183.175781
-6191.567383
614.972839
1.76826
6.584445
-0.398346
1
30242.785156
-6191.964844
621.796387
1.768067
6.530132
-0.381897
1
30302.400391
-6192.352051
628.568054
1.767891
6.480278
-0.371948
1
30362.021484
-6192.726074
635.286255
1.767711
6.428874
-0.359497
1
30421.736328
-6192.896973
641.122925
1.764966
5.582436
-0.16394
1
30481.451172
-6193.067871
646.959595
1.764966
5.582436
-0.16394
1
30541.169922
-6193.234863
652.76239
1.764868
5.549959
-0.160309
1
30600.894531
-6193.38916
658.502258
1.764689
5.489587
-0.148224
1
30660.625
-6193.532715
664.187988
1.764536
5.43765
-0.137848
1
30720.361328
-6193.669434
669.797241
1.764323
5.364253
-0.13092
1
30780.103516
-6193.799805
675.354797
1.76418
5.314672
-0.124817
1
30839.849609
-6193.927246
680.858459
1.764032
5.263009
-0.122101
1
30899.601563
-6194.05127
686.300476
1.763865
5.203873
-0.118988
1
30959.357422
-6194.166504
691.708435
1.763774
5.171218
-0.110657
1
31019.115234
-6194.277832
697.098572
1.763728
5.154177
-0.106903
1
31078.873047
-6194.389648
702.478699
1.763701
5.144567
-0.107208
1
31138.511719
-6194.789063
709.046326
1.76722
6.284231
-0.383789
1
31198.146484
-6195.191895
715.644897
1.767321
6.313942
-0.387115
1
31257.775391
-6195.599121
722.296265
1.767495
6.36465
-0.391174
1
31317.400391
-6196.004883
728.985657
1.767621
6.401205
-0.390045
1
31377.019531
-6196.414063
735.715942
1.767757
6.440499
-0.393127
1
31436.634766
-6196.822266
742.480408
1.767872
6.473332
-0.39212
1
31496.246094
-6197.233887
749.284363
1.768005
6.511314
-0.395691
1
31555.853516
-6197.644531
756.120361
1.768113
6.542078
-0.394745
1
31615.457031
-6198.054199
762.990051
1.768228
6.574508
-0.393738
1
31675.058594
-6198.462891
769.889465
1.76833
6.603037
-0.392853
1
31734.65625
-6198.875488
776.819275
1.768434
6.632277
-0.39682
1
31794.210938
-6199.30957
784.099121
1.769675
6.96893
-0.417419
1
31853.763672
-6199.74707
791.400024
1.769751
6.989175
-0.420837
1
31913.314453
-6200.184082
798.710083
1.769784
6.997993
-0.420563
1
31972.865234
-6200.621094
806.025391
1.769804
7.003026
-0.42041
1
32032.416016
-6201.058105
813.340698
1.769804
7.003026
-0.42041
1
32091.910156
-6201.55957
821.10083
1.771476
7.431177
-0.483063
1
32151.400391
-6202.060547
828.886597
1.771576
7.455868
-0.4823
1
32210.886719
-6202.564941
836.703796
1.771699
7.486187
-0.485687
1
32270.369141
-6203.068359
844.549622
1.771811
7.513733
-0.484833
1
32329.847656
-6203.570801
852.423462
1.771921
7.540713
-0.483978
1
32389.324219
-6204.072266
860.321777
1.772018
7.564311
-0.483246
1
32448.798828
-6204.573242
868.234802
1.772076
7.57845
-0.482819
1
32508.271484
-6205.074219
876.1521
1.772093
7.582582
-0.482696
1
32567.744141
-6205.575195
884.074341
1.772112
7.587343
-0.482544
1
32627.216797
-6206.076172
891.996582
1.772112
7.587343
-0.482544
1
32686.689453
-6206.577148
899.918823
1.772112
7.587343
-0.482544
1
32746.162109
-6207.078125
907.841064
1.772112
7.587343
-0.482544
1
32805.632813
-6207.579102
915.763306
1.772112
7.587343
-0.482544
1
32865.105469
-6208.080078
923.685547
1.772112
7.587343
-0.482544
