CloudWH
800
100
CloudWH
saf
-49686.753906
4507.606445
1835.138428
0.0
0.0
-6.025794
39258.15625
-3391.617188
-12928.958008
saf
0
-51771.871094
4622.146973
586.300476
0.0
0.0
-4.067597
0
-51771.601563
4622.12793
586.300476
0.0
0.0
-4.067597
0
-51760.246094
4621.320313
586.300476
0.0
0.0
-4.067597
0
-51734.542969
4619.492188
586.300476
0.0
0.0
-4.067597
0
-51676.574219
4615.370117
586.300476
0.0
0.0
-4.067597
0
-51610.003906
4610.63623
586.300476
0.0
0.0
-4.067597
0
-51539.078125
4605.592773
586.300476
0.0
0.0
-4.067597
0
-51465.59375
4600.367188
586.300476
0.0
0.0
-4.067597
0
-51393.988281
4595.274902
586.300476
0.0
0.0
-4.067597
0
-51318.835938
4589.930664
586.300476
0.0
0.0
-4.067597
0
-51248.75
4584.946777
586.300476
0.0
0.0
-4.067597
0
-51172.714844
4579.539551
586.300476
0.0
0.0
-4.067597
0
-51100.230469
4574.384766
586.300476
0.0
0.0
-4.067597
0
-51023.53125
4568.930664
586.300476
0.0
0.0
-4.067597
0
-50941.375
4563.088379
586.300476
0.0
0.0
-4.067597
0
-50865.503906
4557.693359
586.300476
0.0
0.0
-4.067597
0
-50787.003906
4552.11084
586.300476
0.0
0.0
-4.067597
0
-50714.324219
4546.942383
586.300476
0.0
0.0
-4.067597
0
-50638.828125
4541.57373
586.300476
0.0
0.0
-4.067597
0
-50564.390625
4536.280273
586.300476
0.0
0.0
-4.067597
0
-50492.234375
4531.148926
586.300476
0.0
0.0
-4.067597
0
-50418.203125
4525.884277
586.300476
0.0
0.0
-4.067597
0
-50345.085938
4520.685059
586.300476
0.0
0.0
-4.067597
0
-50276.363281
4515.797852
586.300476
0.0
0.0
-4.067597
0
-50202.675781
4510.558105
586.300476
0.0
0.0
-4.067597
0
-50133.113281
4505.611328
586.300476
0.0
0.0
-4.067597
0
-50061.277344
4500.50293
586.300476
0.0
0.0
-4.067597
0
-49984.800781
4495.064453
586.300476
0.0
0.0
-4.067597
0
-49916.347656
4490.196777
586.300476
0.0
0.0
-4.067597
0
-49843.851563
4485.041504
586.300476
0.0
0.0
-4.067597
0
-49773.992188
4480.07373
586.300476
0.0
0.0
-4.067597
0
-49703.601563
4475.068359
586.300476
0.0
0.0
-4.067597
0
-49632.429688
4470.007324
586.300476
0.0
0.0
-4.067597
0
-49560.246094
4464.874023
586.300476
0.0
0.0
-4.067597
0
-49485.710938
4459.57373
586.300476
0.0
0.0
-4.067597
0
-49416.183594
4454.629395
586.300476
0.0
0.0
-4.067597
0
-49343.035156
4449.427734
586.300476
0.0
0.0
-4.067597
0
-49271.789063
4444.361328
586.300476
0.0
0.0
-4.067597
0
-49198.996094
4439.18457
586.300476
0.0
0.0
-4.067597
0
-49129.089844
4434.213379
586.300476
0.0
0.0
-4.067597
0
-49058.15625
4429.169434
586.300476
0.0
0.0
-4.067597
0
-48985.8125
4424.024902
586.300476
0.0
0.0
-4.067597
0
-48916.261719
4419.078613
586.300476
0.0
0.0
-4.067597
0
-48842.277344
4413.817383
586.300476
0.0
0.0
-4.067597
0
-48773.878906
4408.953125
586.300476
0.0
0.0
-4.067597
0
-48701.230469
4403.787109
586.300476
0.0
0.0
-4.067597
0
-48626.8125
4398.495117
586.300476
0.0
0.0
-4.067597
0
-48554.988281
4393.387207
586.300476
0.0
0.0
-4.067597
0
-48485.207031
4388.424805
586.300476
0.0
0.0
-4.067597
0
-48416.476563
4383.537109
586.300476
0.0
0.0
-4.067597
0
-48340.976563
4378.167969
586.300476
0.0
0.0
-4.067597
0
-48273.335938
4373.35791
586.300476
0.0
0.0
-4.067597
0
-48201.597656
4368.256348
586.300476
0.0
0.0
-4.067597
0
-48131.007813
4363.236328
586.300476
0.0
0.0
-4.067597
0
-48058.007813
4358.04541
586.300476
0.0
0.0
-4.067597
0
-47983.3125
4352.733398
586.300476
0.0
0.0
-4.067597
0
-47909.429688
4347.479492
586.300476
0.0
0.0
-4.067597
0
-47834.0625
4342.119629
586.300476
0.0
0.0
-4.067597
0
-47764.746094
4337.19043
586.300476
0.0
0.0
-4.067597
0
-47697.410156
4332.401855
586.300476
0.0
0.0
-4.067597
0
-47625.457031
4327.285156
586.300476
0.0
0.0
-4.067597
0
-47550.957031
4321.987305
586.300476
0.0
0.0
-4.067597
0
-47479.785156
4316.92627
586.300476
0.0
0.0
-4.067597
0
-47408.089844
4311.827637
586.294556
-0.0
-0.004699
-4.067597
0
-47337.757813
4306.826172
586.17334
0.0
-0.098512
-4.067597
0
-47263.871094
4301.571777
585.846375
0.0
-0.252895
-4.067597
0
-47195.320313
4296.697266
585.057617
-0.0
-0.657563
-4.067597
0
-47122.546875
4291.521973
583.664612
0.0
-1.093807
-4.067597
0
-47046.117188
4286.086914
581.253479
0.0
-1.802364
-4.067597
0
-46974.582031
4281.0
577.872192
0.0
-2.699468
-4.067598
0
-46903.480469
4275.943848
573.383362
0.0
-3.603423
-4.067597
0
-46832.210938
4270.875488
567.732971
0.0
-4.521694
-4.067597
0
-46760.21875
4265.755859
560.79895
0.0
-5.487756
-4.067597
0
-46693.183594
4260.98877
553.122437
0.0
-6.516567
-4.067597
0
-46621.851563
4255.916016
543.737671
0.0
-7.476325
-4.067597
0
-46551.699219
4250.927246
533.227112
0.0
-8.49972
-4.067597
0
-46480.578125
4245.869629
521.28418
0.0
-9.508729
-4.067597
0
-46410.980469
4240.92041
508.276306
0.0
-10.560209
-4.067597
0
-46339.152344
4235.8125
493.463196
0.0
-11.624052
-4.067597
0
-46271.539063
4231.004395
478.154907
0.0
-12.725974
-4.067597
0
-46202.988281
4226.129883
461.316406
0.0
-13.767543
-4.067597
0
-46139.1875
4221.592773
444.383362
0.0
-14.82806
-4.067598
0
-46067.21875
4216.474609
423.939423
0.0
-15.81979
-4.067597
0
-45992.886719
4211.188477
401.46347
0.0
-16.78396
-4.067597
0
-45924.757813
4206.34375
380.062531
0.0
-17.397549
-4.067598
0
-45856.957031
4201.521973
358.542542
0.0
-17.567629
-4.067597
0
-45788.320313
4196.641113
336.757538
0.0
-17.567629
-4.067597
0
-45717.269531
4191.588379
314.205994
0.0
-17.567629
-4.067597
0
-45651.105469
4186.883301
293.20636
0.0
-17.567629
-4.067597
0
-45582.375
4181.995605
271.391052
0.0
-17.567629
-4.067597
0
-45517.273438
4177.366211
250.728043
0.0
-17.567629
-4.067597
0
-45450.589844
4172.624023
229.562607
0.0
-17.567629
-4.067597
0
-45380.691406
4167.65332
207.377106
0.0
-17.567629
-4.067597
0
-45314.734375
4162.962891
186.443146
0.0
-17.567629
-4.067597
0
-45247.519531
4158.183105
165.109146
0.0
-17.567629
-4.067597
0
-45183.746094
4153.647949
144.867783
0.0
-17.567629
-4.067597
0
-45114.308594
4148.709961
122.828331
0.0
-17.567629
-4.067597
0
-45050.625
4144.181152
102.615898
0.0
-17.567629
-4.067597
0
-44982.929688
4139.367188
81.129883
0.0
-17.567629
-4.067597
0
-44914.371094
4134.491699
59.370132
0.0
-17.567629
-4.067597
0
-44846.121094
4129.638184
37.70821
0.0
-17.567629
-4.067597
0
-44773.550781
4124.477539
14.674883
0.0
-17.567629
-4.067597
0
-44707.359375
4119.770508
-6.334404
0.0
-17.567629
-4.067597
0
-44637.648438
4114.813477
-28.460196
0.0
-17.567629
-4.067597
0
-44571.179688
4110.086914
-49.556747
0.0
-17.567629
-4.067597
0
-44503.773438
4105.293457
-70.951828
0.0
-17.567629
-4.067597
0
-44438.15625
4100.626953
-91.778778
0.0
-17.567629
-4.067597
0
-44367.347656
4095.591553
-114.253624
0.0
-17.567629
-4.067597
0
-44297.230469
4090.605469
-136.508026
0.0
-17.567629
-4.067597
0
-44231.933594
4085.962158
-157.232559
0.0
-17.567629
-4.067597
0
-44163.910156
4081.125
-178.822372
0.0
-17.567629
-4.067597
0
-44096.160156
4076.307129
-200.325836
0.0
-17.567629
-4.067597
0
-44029.789063
4071.587158
-221.392075
0.0
-17.567629
-4.067597
0
-43966.550781
4067.090088
-241.463974
0.0
-17.567629
-4.067597
0
-43897.890625
4062.20752
-263.256317
0.0
-17.567629
-4.067597
0
-43831.105469
4057.458252
-284.453918
0.0
-17.567629
-4.067597
0
-43763.066406
4052.619873
-306.048798
0.0
-17.567629
-4.067597
0
-43693.800781
4047.694092
-328.034058
0.0
-17.567629
-4.067597
0
-43626.878906
4042.935303
-349.274353
0.0
-17.567629
-4.067597
0
-43557.710938
4038.016602
-371.228394
0.0
-17.567629
-4.067597
0
-43492.957031
4033.411865
-391.781158
0.0
-17.567629
-4.067597
0
-43423.273438
4028.456543
-413.898224
0.0
-17.567629
-4.067597
0
-43355.972656
4023.670654
-435.259308
0.0
-17.567629
-4.067597
0
-43286.9375
4018.761475
-457.170624
0.0
-17.567629
-4.067597
0
-43218.738281
4013.911621
-478.816467
0.0
-17.567629
-4.067597
0
-43151.910156
4009.15918
-500.027832
0.0
-17.567629
-4.067597
0
-43085.019531
4004.402344
-521.258972
0.0
-17.567629
-4.067597
0
-43016.261719
3999.512695
-543.083008
0.0
-17.567629
-4.067597
0
-42949.429688
3994.760254
-564.294861
0.0
-17.567629
-4.067597
0
-42881.214844
3989.90918
-585.946228
0.0
-17.567629
-4.067597
0
-42814.425781
3985.159668
-607.144287
0.0
-17.567629
-4.067597
0
-42746.71875
3980.344971
-628.633972
0.0
-17.567629
-4.067597
0
-42682.46875
3975.776123
-649.026428
0.0
-17.567629
-4.067597
0
-42615.558594
3971.018066
-670.263489
0.0
-17.567629
-4.067597
0
-42546.316406
3966.093994
-692.240906
0.0
-17.567629
-4.067597
0
-42479.832031
3961.365967
-713.343445
0.0
-17.567629
-4.067597
0
-42412.640625
3956.587891
-734.669189
0.0
-17.567629
-4.067597
0
-42343.949219
3951.703125
-756.471191
0.0
-17.567629
-4.067597
0
-42275.777344
3946.855225
-778.109253
0.0
-17.567629
-4.067597
0
-42204.707031
3941.80127
-800.666748
0.0
-17.567629
-4.067597
0
-42134.265625
3936.792236
-823.024048
0.0
-17.567629
-4.067597
0
-42062.597656
3931.695801
-845.770752
0.0
-17.567629
-4.067597
0
-41996.847656
3927.020264
-866.639038
0.0
-17.567629
-4.067597
0
-41928.5625
3922.164307
-888.312439
0.0
-17.567629
-4.067597
0
-41864.355469
3917.598389
-908.691589
0.0
-17.567629
-4.067597
0
-41794.554688
3912.634766
-930.846069
0.0
-17.567629
-4.067597
0
-41726.378906
3907.786621
-952.484314
0.0
-17.567629
-4.067597
0
-41656.511719
3902.818359
-974.659424
0.0
-17.567629
-4.067597
0
-41586.484375
3897.838623
-996.885864
0.0
-17.567629
-4.067597
0
-41520.683594
3893.159424
-1017.770813
0.0
-17.567629
-4.067597
0
-41449.1875
3888.075195
-1040.463379
0.0
-17.567629
-4.067597
0
-41381.566406
3883.266602
-1061.926025
0.0
-17.567629
-4.067597
0
-41306.601563
3877.935547
-1085.719727
0.0
-17.567629
-4.067597
0
-41238.800781
3873.114014
-1107.239746
0.0
-17.567629
-4.067597
0
-41172.351563
3868.388672
-1128.329956
0.0
-17.567629
-4.067597
0
-41103.191406
3863.470459
-1150.281616
0.0
-17.567629
-4.067597
0
-41032.59375
3858.449951
-1172.689575
0.0
-17.567629
-4.067597
0
-40962.269531
3853.448975
-1195.010742
0.0
-17.567629
-4.067597
0
-40892.976563
3848.52124
-1217.004395
0.0
-17.567629
-4.067597
0
-40826.683594
3843.806885
-1238.045654
0.0
-17.567629
-4.067597
0
-40759.671875
3839.041504
-1259.314575
0.0
-17.567629
-4.067597
0
-40689.453125
3834.048096
-1281.601196
0.0
-17.567629
-4.067597
0
-40621.339844
3829.20459
-1303.219604
0.0
-17.567629
-4.067597
0
-40550.609375
3824.174805
-1325.669067
0.0
-17.567629
-4.067597
0
-40480.113281
3819.161621
-1348.044312
0.0
-17.567629
-4.067597
0
-40413.5625
3814.428955
-1369.167236
0.0
-17.567629
-4.067597
0
-40341.476563
3809.302734
-1392.047363
0.0
-17.567629
-4.067597
0
-40274.851563
3804.564941
-1413.194092
0.0
-17.567629
-4.067597
0
-40206.742188
3799.72168
-1434.811157
0.0
-17.567629
-4.067597
0
-40138.707031
3794.883545
-1456.404907
0.0
-17.567629
-4.067597
0
-40069.066406
3789.931152
-1478.509033
0.0
-17.567629
-4.067597
0
-39998.15625
3784.888672
-1501.015381
0.0
-17.567629
-4.067597
0
-39927.503906
3779.864258
-1523.440552
0.0
-17.567629
-4.067597
0
-39858.769531
3774.976318
-1545.256348
0.0
-17.567629
-4.067597
0
-39790.609375
3770.12915
-1566.890137
0.0
-17.567629
-4.067597
0
-39721.5625
3765.218994
-1588.805298
0.0
-17.567629
-4.067597
0
-39650.335938
3760.154053
-1611.411987
0.0
-17.567629
-4.067597
0
-39578.386719
3755.037598
-1634.247803
0.0
-17.567629
-4.067597
0
-39509.589844
3750.145264
-1656.08374
0.0
-17.567629
-4.067597
0
-39442.929688
3745.405029
-1677.241211
0.0
-17.567629
-4.067597
0
-39373.042969
3740.435059
-1699.42334
0.0
-17.567629
-4.067597
0
-39304.660156
3735.572266
-1721.127686
0.0
-17.567629
-4.067597
0
-39237.898438
3730.824707
-1742.317749
0.0
-17.567629
-4.067597
0
-39166.355469
3725.737061
-1765.025269
0.0
-17.567629
-4.067597
0
-39095.96875
3720.731689
-1787.365967
0.0
-17.567629
-4.067597
0
-39023.148438
3715.553467
-1810.478516
0.0
-17.567629
-4.067597
0
-38950.671875
3710.399414
-1833.4104
0.0
-17.515745
-4.067597
0
-38881.941406
3705.511963
-1855.061401
0.0
-17.444084
-4.067597
0
-38815.089844
3700.757813
-1876.03418
0.0
-17.376184
-4.067597
0
-38741.027344
3695.490967
-1899.174805
0.0
-17.310144
-4.067597
0
-38674.089844
3690.730957
-1919.994873
0.0
-17.237026
-4.067597
0
-38603.769531
3685.730225
-1941.779053
-0.0
-17.170958
-4.067597
0
-38534.742188
3680.821533
-1963.070068
0.0
-17.101591
-4.067598
0
-38463.917969
3675.784912
-1984.823608
-0.0
-17.033501
-4.067597
0
-38392.292969
3670.691406
-2006.726929
-0.0
-16.963675
-4.067597
0
-38322.835938
3665.751953
-2027.865356
0.0
-16.88657
-4.067597
0
-38252.480469
3660.748779
-2049.176758
0.0
-16.811792
-4.067597
0
-38182.578125
3655.777832
-2070.249268
0.0
-16.736115
-4.067597
0
-38112.875
3650.821045
-2091.162109
0.0
-16.66094
-4.067597
0
-38045.019531
3645.995605
-2111.424072
0.0
-16.585993
-4.067597
0
-37977.054688
3641.162598
-2131.623535
0.0
-16.513062
-4.067597
0
-37908.917969
3636.317383
-2151.779541
0.0
-16.44006
-4.067598
0
-37837.046875
3631.206543
-2172.94043
0.0
-16.366901
-4.067597
0
-37766.449219
3626.186279
-2193.623047
0.0
-16.289755
-4.067598
0
-37693.917969
3621.028564
-2214.802979
0.0
-16.239805
-4.067598
0
-37621.097656
3615.850098
-2236.033447
0.0
-16.214964
-4.067597
0
-37552.21875
3610.951904
-2256.108643
0.0
-16.209984
-4.067597
0
-37482.90625
3606.022949
-2276.303223
-0.0
-16.205286
-4.067598
0
-37416.667969
3601.3125
-2295.59668
0.0
-16.20056
-4.067597
0
-37349.339844
3596.524658
-2315.201904
0.0
-16.196037
-4.067597
0
-37277.929688
3591.446533
-2335.98877
0.0
-16.191427
-4.067596
0
-37209.71875
3586.595947
-2355.837891
0.0
-16.18655
-4.067597
0
-37141.429688
3581.739746
-2375.703857
0.0
-16.181879
-4.067597
0
-37072.101563
3576.809814
-2395.866211
0.0
-16.177206
-4.067597
0
-36999.902344
3571.675781
-2416.856934
-0.0
-16.17248
-4.067597
0
-36930.976563
3566.77417
-2436.890137
0.0
-16.167562
-4.067598
0
-36863.070313
3561.945068
-2456.621094
0.0
-16.162863
-4.067597
0
-36790.859375
3556.809814
-2477.596436
0.0
-16.158232
-4.067597
0
-36722.761719
3551.967041
-2497.370605
0.0
-16.153315
-4.067597
0
-36654.460938
3547.110107
-2517.197021
0.0
-16.148676
-4.067598
0
-36581.554688
3541.925537
-2538.354492
0.0
-16.144012
-4.067597
0
-36503.121094
3536.3479
-2561.108643
0.0
-16.139032
-4.067597
0
-36435.257813
3531.521973
-2580.789063
-0.0
-16.133684
-4.067597
0
-36363.742188
3526.436279
-2601.522461
-0.0
-16.129053
-4.067597
0
-36296.097656
3521.625977
-2621.127197
0.0
-16.12417
-4.067596
0
-36227.417969
3516.741943
-2641.026367
0.0
-16.11956
-4.067597
0
-36154.867188
3511.58252
-2662.040771
0.0
-16.114861
-4.067597
0
-36085.054688
3506.61792
-2682.255371
0.0
-16.109922
-4.067597
0
-36017.589844
3501.820313
-2701.775879
0.0
-16.098747
-4.067598
0
-35949.199219
3496.956787
-2721.550293
0.0
-16.08795
-4.067597
0
-35879.164063
3491.976318
-2741.785889
0.0
-16.077021
-4.067597
0
-35812.820313
3487.258301
-2760.940674
0.0
-16.065821
-4.067597
0
-35740.789063
3482.135742
-2781.723145
0.0
-16.055199
-4.067597
0
-35671.949219
3477.240234
-2801.56958
0.0
-16.043697
-4.067598
0
-35596.964844
3471.907959
-2823.171631
-0.0
-16.032681
-4.067597
0
-35529.265625
3467.09375
-2842.659912
0.0
-16.020679
-4.067597
0
-35458.546875
3462.064697
-2863.00293
0.0
-16.009853
-4.067597
0
-35385.273438
3456.854004
-2884.064697
0.0
-15.998563
-4.067598
0
-35315.355469
3451.88208
-2904.155029
0.0
-15.993556
-4.067597
0
-35242.742188
3446.718262
-2924.970215
0.0
-15.956933
-4.067597
0
-35173.539063
3441.797119
-2944.584229
0.0
-15.786492
-4.067598
0
-35104.5
3436.887695
-2963.874268
0.0
-15.573725
-4.067597
0
-35031.855469
3431.72168
-2983.86499
-0.0
-15.349175
-4.067596
0
-34961.359375
3426.70874
-3002.951172
0.0
-15.113159
-4.067597
0
-34889.050781
3421.549072
-3022.209473
0.003664
-14.877927
-4.081666
0
-34818.855469
3416.522461
-3040.588867
0.007354
-14.63693
-4.09604
0
-34749.515625
3411.540039
-3058.442627
0.010867
-14.403215
-4.109956
0
-34677.507813
3406.348389
-3076.674316
0.014272
-14.172573
-4.123658
0
-34607.378906
3401.274902
-3094.118652
0.017743
-13.933311
-4.137819
0
-34535.273438
3396.058594
-3111.750977
0.017726
-13.706904
-4.137757
0
-34466.480469
3391.082031
-3128.268799
0.017708
-13.4678
-4.137697
0
-34393.722656
3385.818604
-3145.432373
0.017691
-13.239898
-4.137636
0
-34322.109375
3380.637939
-3162.033691
0.017675
-13.018736
-4.137575
0
-34250.074219
3375.427002
-3178.469482
0.017661
-12.820613
-4.137513
0
-34180.054688
3370.361816
-3194.189697
0.017647
-12.621486
-4.137453
0
-34109.304688
3365.243896
-3209.82251
0.017634
-12.428096
-4.137392
0
-34039.191406
3360.172363
-3225.087402
0.017622
-12.251863
-4.13733
0
-33967.910156
3355.016113
-3240.502686
0.017617
-12.171629
-4.1373
0
-33893.476563
3349.63208
-3256.583496
0.017616
-12.160434
-4.1373
0
-33821.992188
3344.461182
-3272.027344
0.017616
-12.160434
-4.1373
0
-33749.734375
3339.234375
-3287.638184
0.017616
-12.160434
-4.1373
0
-33676.542969
3333.939941
-3303.451416
0.017616
-12.160434
-4.1373
0
-33603.460938
3328.653564
-3319.240479
0.017616
-12.160434
-4.1373
0
-33529.507813
3323.304199
-3335.218018
0.017616
-12.160434
-4.1373
0
-33455.203125
3317.929199
-3351.271484
0.017616
-12.160434
-4.1373
0
-33385.976563
3312.921631
-3366.227783
0.017616
-12.160434
-4.1373
0
-33313.800781
3307.700684
-3381.821533
0.017616
-12.160434
-4.1373
0
-33242.828125
3302.56665
-3397.155273
0.017616
-12.160434
-4.1373
0
-33170.59375
3297.341797
-3412.760986
0.017616
-12.160434
-4.1373
0
-33096.964844
3292.015869
-3428.668213
0.017616
-12.160434
-4.1373
0
-33027.121094
3286.963867
-3443.757568
0.017616
-12.160434
-4.1373
0
-32957.421875
3281.922119
-3458.815918
0.017616
-12.160434
-4.1373
0
-32889.332031
3276.996826
-3473.526855
0.017616
-12.160434
-4.1373
0
-32817.585938
3271.806885
-3489.027832
0.017616
-12.160434
-4.1373
0
-32747.603516
3266.744629
-3504.147461
0.017616
-12.160434
-4.1373
0
-32676.019531
3261.56665
-3519.612793
0.017616
-12.160434
-4.1373
0
-32602.972656
3256.282715
-3535.394287
0.017616
-12.160434
-4.1373
0
-32529.791016
3250.989258
-3551.204834
0.017616
-12.160434
-4.1373
0
-32459.296875
3245.889893
-3566.435059
0.017616
-12.160434
-4.1373
0
-32386.019531
3240.589355
-3582.266357
0.017616
-12.160434
-4.1373
0
-32313.986328
3235.378662
-3597.829102
0.017616
-12.160434
-4.1373
0
-32239.296875
3229.976074
-3613.965576
0.017616
-12.160434
-4.1373
0
-32169.816406
3224.950195
-3628.976807
0.017616
-12.160434
-4.1373
0
-32097.654297
3219.730225
-3644.567383
0.017616
-12.160434
-4.1373
0
-32028.144531
3214.702148
-3659.584717
0.017616
-12.160434
-4.1373
0
-31952.751953
3209.248535
-3675.873047
0.017616
-12.160434
-4.1373
0
-31879.304688
3203.935791
-3691.740967
0.017616
-12.160434
-4.1373
0
-31808.337891
3198.80249
-3707.072998
0.017616
-12.160434
-4.1373
0
-31730.626953
3193.181152
-3723.862549
0.017616
-12.160434
-4.1373
0
-31652.572266
3187.534912
-3740.726318
0.017616
-12.160434
-4.1373
0
-31580.560547
3182.325928
-3756.28418
0.017616
-12.160434
-4.1373
0
-31507.398438
3177.033691
-3772.09082
0.017616
-12.160434
-4.1373
0
-31434.679688
3171.773438
-3787.801514
0.017616
-12.160434
-4.1373
0
-31365.208984
3166.748291
-3802.810547
0.017616
-12.160434
-4.1373
0
-31291.195313
3161.394531
-3818.801025
0.017616
-12.160434
-4.1373
0
-31219.273438
3156.192139
-3834.3396
0.017616
-12.160434
-4.1373
0
-31146.818359
3150.951172
-3849.993164
0.017616
-12.160434
-4.1373
0
-31072.962891
3145.608887
-3865.949463
0.017616
-12.160434
-4.1373
0
-31003.167969
3140.560303
-3881.02832
0.017616
-12.160434
-4.1373
0
-30927.519531
3135.088135
-3897.37207
0.017616
-12.160434
-4.1373
0
-30855.851563
3129.904053
-3912.855713
0.017616
-12.160434
-4.1373
0
-30782.90625
3124.627686
-3928.615234
0.017616
-12.160434
-4.1373
0
-30714.373047
3119.670166
-3943.421875
0.017616
-12.160434
-4.1373
0
-30642.365234
3114.461426
-3958.97876
0.017616
-12.160434
-4.1373
0
-30572.875
3109.434814
-3973.991943
0.017616
-12.160434
-4.1373
0
-30501.097656
3104.24292
-3989.499268
0.017616
-12.160434
-4.1373
0
-30427.257813
3098.901611
-4005.452148
0.017616
-12.160434
-4.1373
0
-30355.759766
3093.67749
-4020.899902
0.026376
-12.160399
-4.178896
0
-30283.230469
3088.301514
-4036.571777
0.039052
-12.160366
-4.239077
0
-30210.814453
3082.856201
-4052.220459
0.051913
-12.160304
-4.300141
0
-30139.269531
3077.408447
-4067.681641
0.063349
-12.16025
-4.354433
0
-30069.707031
3072.045898
-4082.715576
0.074648
-12.160181
-4.408084
0
-30002.171875
3066.777832
-4097.3125
0.085635
-12.160127
-4.460238
0
-29932.142578
3061.25293
-4112.449219
0.096303
-12.160025
-4.510896
0
-29856.6875
3055.230469
-4128.759766
0.107365
-12.159943
-4.563418
0
-29785.160156
3049.441895
-4144.222168
0.120697
-12.159826
-4.626711
0
-29709.496094
3043.238525
-4160.580566
0.133385
-12.159669
-4.686953
0
-29638.613281
3037.347656
-4175.90625
0.146809
-12.159512
-4.750674
0
-29568.099609
3031.413574
-4191.152832
0.159385
-12.159362
-4.810397
0
-29498.363281
3025.472168
-4206.23291
0.171896
-12.159177
-4.869813
0
-29426.779297
3019.299316
-4221.713379
0.184271
-12.158999
-4.928561
0
-29355.951172
3013.116699
-4237.031738
0.196974
-12.158809
-4.988864
0
-29282.992188
3006.671387
-4252.812012
0.209544
-12.158604
-5.048555
0
-29211.701172
3000.296143
-4268.23291
0.222492
-12.158385
-5.110048
0
-29140.990234
2993.898193
-4283.529297
0.235146
-12.158139
-5.170139
0
-29069.494141
2987.395264
-4298.996094
0.240819
-12.158044
-5.197085
0
-28994.640625
2980.586914
-4315.189453
0.240819
-12.158044
-5.197085
0
-28918.283203
2973.641846
-4331.708008
0.240819
-12.158044
-5.197085
0
-28842.570313
2966.755371
-4348.086914
0.240819
-12.158044
-5.197085
0
-28772.224609
2960.357178
-4363.304688
0.240819
-12.158044
-5.197085
0
-28695.923828
2953.417236
-4379.811035
0.240819
-12.158044
-5.197085
0
-28623.847656
2946.861572
-4395.40332
0.240819
-12.158044
-5.197085
0
-28546.408203
2939.818115
-4412.155762
0.240819
-12.158044
-5.197085
0
-28469.693359
2932.840576
-4428.751465
0.240819
-12.158044
-5.197085
0
-28394.361328
2925.98877
-4445.04834
0.240819
-12.158044
-5.197085
0
-28317.128906
2918.963867
-4461.756348
0.240819
-12.158044
-5.197085
0
-28242.630859
2912.187988
-4477.872559
0.240819
-12.158044
-5.197085
0
-28165.742188
2905.19458
-4494.505859
0.240819
-12.158044
-5.197085
0
-28090.085938
2898.313232
-4510.872559
0.240819
-12.158044
-5.197085
0
-28016.068359
2891.580811
-4526.884766
0.240819
-12.158044
-5.197085
0
-27945.105469
2885.126221
-4542.236328
0.240819
-12.158044
-5.197085
0
-27866.955078
2878.018066
-4559.142578
0.240819
-12.158044
-5.197085
0
-27796.871094
2871.643555
-4574.304199
0.240819
-12.158044
-5.197085
0
-27720.222656
2864.671875
-4590.885742
0.240819
-12.158044
-5.197085
0
-27648.925781
2858.187012
-4606.30957
0.240819
-12.158044
-5.197085
0
-27581.236328
2852.030273
-4620.953125
0.240819
-12.158044
-5.197085
0
-27506.878906
2845.26709
-4637.039063
0.240819
-12.158044
-5.197085
0
-27431.892578
2838.446533
-4653.26123
0.240819
-12.158044
-5.197085
0
-27357.179688
2831.651123
-4669.423828
0.240819
-12.158044
-5.197085
0
-27281.845703
2824.799072
-4685.721191
0.240819
-12.158044
-5.197085
0
-27208.685547
2818.144775
-4701.547852
0.240819
-12.158044
-5.197085
0
-27138.144531
2811.72876
-4716.808105
0.240819
-12.158044
-5.197085
0
-27065.863281
2805.154297
-4732.444824
0.240819
-12.158044
-5.197085
0
-26992.675781
2798.497559
-4748.277832
0.240819
-12.158044
-5.197085
0
-26915.369141
2791.466064
-4765.001465
0.240819
-12.158044
-5.197085
0
-26831.365234
2783.825439
-4783.174316
0.240819
-12.158044
-5.197085
0
-26759.136719
2777.255859
-4798.799316
0.240819
-12.158044
-5.197085
0
-26683.650391
2770.389893
-4815.129395
0.240819
-12.158044
-5.197085
0
-26607.365234
2763.451416
-4831.632324
0.240819
-12.158044
-5.197085
0
-26532.779297
2756.66748
-4847.767578
0.240819
-12.158044
-5.197085
0
-26458.021484
2749.86792
-4863.939941
0.240819
-12.158044
-5.197085
0
-26384.517578
2743.182373
-4879.841309
0.240819
-12.158044
-5.197085
0
-26312.931641
2736.671143
-4895.327637
0.240819
-12.158044
-5.197085
0
-26243.498047
2730.355713
-4910.348145
0.240819
-12.158044
-5.197085
0
-26171.869141
2723.840576
-4925.84375
0.240819
-12.158044
-5.197085
0
-26096.369141
2716.973389
-4942.176758
0.240819
-12.158044
-5.197085
0
-26022.816406
2710.283203
-4958.088379
0.240819
-12.158044
-5.197085
0
-25944.638672
2703.172607
-4975.000488
0.240819
-12.158044
-5.197085
0
-25867.216797
2696.130615
-4991.749512
0.240819
-12.158044
-5.197085
0
-25790.681641
2689.169434
-5008.306152
0.240819
-12.158044
-5.197085
0
-25719.144531
2682.662842
-5023.781738
0.240819
-12.158044
-5.197085
0
-25647.960938
2676.188232
-5039.181152
0.240819
-12.158044
-5.197085
0
-25572.71875
2669.344482
-5055.458496
0.240819
-12.158044
-5.197085
0
-25500.171875
2662.74585
-5071.177734
0.240836
-12.17682
-5.197177
0
-25429.285156
2656.297607
-5086.646484
0.240913
-12.260893
-5.197544
0
-25357.517578
2649.768799
-5102.416016
0.240988
-12.343081
-5.197908
0
-25286.546875
2643.312012
-5118.118652
0.241065
-12.426299
-5.198275
0
-25216.580078
2636.946289
-5133.705078
0.241142
-12.508637
-5.198641
0
-25142.71875
2630.225586
-5150.269531
0.241218
-12.589814
-5.199008
0
-25067.40625
2623.372559
-5167.27832
0.241299
-12.675532
-5.199374
0
-24995.085938
2616.79126
-5183.727539
0.241382
-12.762966
-5.19974
0
-24926.365234
2610.537109
-5199.464844
0.241462
-12.846984
-5.200107
0
-24857.054688
2604.22876
-5215.446777
0.241545
-12.933072
-5.200473
0
-24785.509766
2597.716553
-5232.058594
0.24163
-13.019931
-5.200839
0
-24713.431641
2591.155273
-5248.914063
0.241718
-13.109618
-5.201236
0
-24643.099609
2584.752686
-5265.478516
0.241807
-13.200009
-5.201632
0
-24566.794922
2577.805664
-5283.574219
0.241894
-13.288241
-5.202029
0
-24494.300781
2571.205078
-5300.894531
0.24199
-13.384001
-5.202456
0
-24419.435547
2564.387939
-5318.907715
0.242082
-13.474999
-5.202853
0
-24345.693359
2557.672607
-5336.77002
0.24217
-13.562187
-5.20325
0
-24272.027344
2550.963623
-5354.731445
0.242258
-13.648125
-5.203617
0
-24199.763672
2544.38208
-5372.46582
0.242347
-13.734
-5.203981
0
-24122.03125
2537.302002
-5391.664063
0.242434
-13.818264
-5.204348
0
-24047.730469
2530.533936
-5410.140137
0.242529
-13.908935
-5.204745
0
-23977.611328
2524.14624
-5427.689453
0.24262
-13.995637
-5.205112
0
-23903.353516
2517.381104
-5446.387695
0.242707
-14.077483
-5.205478
0
-23830.269531
2510.722412
-5464.908691
0.242799
-14.164213
-5.205843
0
-23756.570313
2504.007324
-5483.702637
0.242891
-14.249598
-5.206209
0
-23683.705078
2497.367676
-5502.401367
0.242984
-14.335747
-5.206576
0
-23607.710938
2490.442383
-5522.023926
0.243077
-14.420953
-5.206943
0
-23536.042969
2483.910889
-5540.648438
0.243174
-14.509855
-5.207338
0
-23460.707031
2477.044434
-5560.353516
0.243274
-14.60028
-5.207736
0
-23389.255859
2470.531494
-5579.169922
0.243379
-14.69537
-5.208163
0
-23312.765625
2463.558838
-5599.433594
0.243473
-14.779046
-5.208528
0
-23242.445313
2457.148193
-5618.180664
0.243573
-14.868679
-5.208927
0
-23170.375
2450.577393
-5637.505859
0.243667
-14.951106
-5.209292
0
-23091.734375
2443.407227
-5658.717285
0.243763
-15.035616
-5.209659
0
-23021.935547
2437.042725
-5677.665039
0.243869
-15.127864
-5.210055
0
-22952.357422
2430.697998
-5696.660156
0.243963
-15.209779
-5.210423
0
-22883.990234
2424.463135
-5715.430176
0.244058
-15.291468
-5.210788
0
-22813.402344
2418.025391
-5734.916504
0.244152
-15.37177
-5.211154
0
-22740.521484
2411.378418
-5755.035645
0.244152
-15.37177
-5.211154
0
-22668.332031
2404.794434
-5774.963867
0.244152
-15.37177
-5.211154
0
-22592.947266
2397.919189
-5795.774414
0.244152
-15.37177
-5.211154
0
-22523.443359
2391.580322
-5814.961426
0.244152
-15.37177
-5.211154
0
-22450.320313
2384.911377
-5835.147461
0.244152
-15.37177
-5.211154
0
-22376.492188
2378.177979
-5855.52832
0.244152
-15.37177
-5.211154
0
-22305.666016
2371.718262
-5875.080566
0.244152
-15.37177
-5.211154
0
-22226.306641
2364.480469
-5896.987793
0.244152
-15.37177
-5.211154
0
-22154.880859
2357.966309
-5916.705078
0.244152
-15.37177
-5.211154
0
-22075.693359
2350.744141
-5938.564941
0.244152
-15.37177
-5.211154
0
-22006.375
2344.506104
-5957.699219
0.225869
-15.372029
-5.142184
0
-21931.482422
2337.845947
-5978.370605
0.209866
-15.372249
-5.081819
0
-21855.195313
2331.177979
-5999.424316
0.186911
-15.372521
-4.995242
0
-21783.695313
2325.039551
-6019.154297
0.16353
-15.372774
-4.907046
0
-21710.798828
2318.878418
-6039.267578
0.143423
-15.372945
-4.831209
0
-21635.533203
2312.619629
-6060.032227
0.122843
-15.373143
-4.753572
0
-21560.175781
2306.458984
-6080.812988
0.101679
-15.368095
-4.673737
0
-21487.478516
2300.61792
-6100.851074
0.080499
-15.363034
-4.593813
0
-21411.447266
2294.611816
-6121.77002
0.060071
-15.338016
-4.516726
0
-21342.083984
2289.230713
-6140.818359
0.038751
-15.311822
-4.436129
0
-21269.777344
2283.714355
-6160.640137
0.019342
-15.287902
-4.362642
0
-21194.783203
2278.09375
-6181.161621
-0.000855
-15.262931
-4.286073
0
-21120.472656
2272.628174
-6201.45752
-0.021759
-15.237024
-4.206666
0
-21045.296875
2267.202393
-6221.95166
-0.04242
-15.211329
-4.128023
0
-20973.189453
2262.098877
-6241.53418
-0.063263
-15.157712
-4.048554
0
-20897.009766
2256.808838
-6262.147461
-0.083191
-15.106288
-3.972383
0
-20822.935547
2251.741211
-6282.104492
-0.09848
-15.044952
-3.913698
0
-20744.023438
2246.342285
-6303.216309
-0.098419
-14.944637
-3.913881
0
-20672.396484
2241.44165
-6322.245605
-0.098389
-14.845054
-3.914064
0
-20601.238281
2236.572754
-6341.030273
-0.098358
-14.754697
-3.914216
0
-20523.972656
2231.285889
-6361.288086
-0.098328
-14.658473
-3.9144
0
-20451.492188
2226.326172
-6380.149414
-0.098267
-14.554047
-3.914583
0
-20381.845703
2221.560303
-6398.25
-0.098267
-14.535796
-3.914613
0
-20310.662109
2216.689209
-6416.75
-0.098267
-14.535796
-3.914613
0
-20235.626953
2211.554688
-6436.250977
-0.098267
-14.535796
-3.914613
0
-20159.705078
2206.359375
-6455.982422
-0.098267
-14.535796
-3.914613
0
-20087.109375
2201.391846
-6474.849121
-0.098267
-14.535796
-3.914613
0
-20012.6875
2196.299072
-6494.190918
-0.098267
-14.535796
-3.914613
0
-19941.597656
2191.434326
-6512.666504
-0.098267
-14.535796
-3.914613
0
-19871.863281
2186.662354
-6530.789551
-0.098267
-14.535796
-3.914613
0
-19796.734375
2181.52124
-6550.314941
-0.098267
-14.535796
-3.914613
0
-19719.912109
2176.26416
-6570.280762
-0.098267
-14.535796
-3.914613
0
-19643.779297
2171.054443
-6590.066895
-0.098267
-14.535796
-3.914613
0
-19569.230469
2165.953125
-6609.441895
-0.098267
-14.535796
-3.914613
0
-19494.060547
2160.809326
-6628.978027
-0.098267
-14.535796
-3.914613
0
-19416.974609
2155.534424
-6649.011719
-0.098267
-14.535796
-3.914613
0
-19339.806641
2150.253906
-6669.066895
-0.098267
-14.535796
-3.914613
0
-19261.400391
2144.888672
-6689.443848
-0.098267
-14.535796
-3.914613
0
-19189.931641
2139.998047
-6708.018066
-0.098267
-14.535796
-3.914613
0
-19117.326172
2135.029785
-6726.887695
-0.098267
-14.535796
-3.914613
0
-19041.666016
2129.852295
-6746.55127
-0.098267
-14.535796
-3.914613
0
-18970.144531
2124.958008
-6765.13916
-0.098267
-14.535796
-3.914613
0
-18897.5625
2119.991211
-6784.002441
-0.098267
-14.535796
-3.914613
0
-18821.650391
2114.796631
-6803.731445
-0.098267
-14.535796
-3.914613
0
-18750.574219
2109.932861
-6822.203613
-0.098267
-14.535796
-3.914613
0
-18675.757813
2104.813232
-6841.647949
-0.098267
-14.535796
-3.914613
0
-18607.035156
2100.110596
-6859.508789
-0.098267
-14.535796
-3.914613
0
-18533.894531
2095.105713
-6878.517578
-0.098267
-14.535796
-3.914613
0
-18453.001953
2089.570313
-6899.540527
-0.098267
-14.535796
-3.914613
0
-18377.908203
2084.431641
-6919.056641
-0.098267
-14.535796
-3.914613
0
-18299.835938
2079.089355
-6939.34668
-0.098267
-14.535796
-3.914613
0
-18227.011719
2074.105957
-6958.272949
-0.098267
-14.535796
-3.914613
0
-18150.722656
2068.885498
-6978.099609
-0.098267
-14.535796
-3.914613
0
-18075.40625
2063.731689
-6997.673828
-0.098267
-14.535796
-3.914613
0
-18001.185547
2058.652832
-7016.962891
-0.098267
-14.535796
-3.914613
0
-17930.375
2053.807373
-7035.365723
-0.098267
-14.535796
-3.914613
0
-17858.082031
2048.860352
-7054.154297
-0.098267
-14.535796
-3.914613
0
-17790.080078
2044.207031
-7071.827637
-0.098267
-14.535796
-3.914613
0
-17716.464844
2039.169556
-7090.959961
-0.098267
-14.535796
-3.914613
0
-17645.621094
2034.121094
-7109.375488
-0.057739
-14.536008
-4.076081
0
-17567.585938
2028.236938
-7129.666992
0.001512
-14.536103
-4.312165
0
-17494.349609
2022.380127
-7148.716797
0.066798
-14.535946
-4.572267
0
-17420.042969
2016.118896
-7168.05127
0.128088
-14.535557
-4.816469
0
-17340.994141
2009.348999
-7188.62207
0.147789
-14.535373
-4.894961
0
-17271.470703
2003.394897
-7206.713867
0.147789
-14.535373
-4.894961
0
-17198.130859
1997.113892
-7225.798828
0.147789
-14.535373
-4.894961
0
-17123.736328
1990.742676
-7245.158203
0.147789
-14.535373
-4.894961
0
-17051.779297
1984.5802
-7263.883301
0.147789
-14.535373
-4.894961
0
-16978.259766
1978.283936
-7283.014648
0.147789
-14.535373
-4.894961
0
-16906.550781
1972.142578
-7301.675293
0.147789
-14.535373
-4.894961
0
-16832.119141
1965.768066
-7321.044434
0.147789
-14.535373
-4.894961
0
-16760.628906
1959.645508
-7339.648438
0.147789
-14.535373
-4.894961
0
-16690.306641
1953.622925
-7357.948242
0.147789
-14.535373
-4.894961
0
-16614.035156
1947.090942
-7377.795898
0.147789
-14.535373
-4.894961
0
-16540.251953
1940.771973
-7396.996094
0.147789
-14.535373
-4.894961
0
-16469.9375
1934.750122
-7415.293457
0.147789
-14.535373
-4.894961
0
-16394.507813
1928.290283
-7434.921875
0.147789
-14.535373
-4.894961
0
-16313.472656
1921.350342
-7456.009277
0.147789
-14.535373
-4.894961
0
-16237.106445
1914.810181
-7475.881836
0.147789
-14.535373
-4.894961
0
-16168.785156
1908.959106
-7493.660645
0.147789
-14.535373
-4.894961
0
-16097.920898
1902.890137
-7512.101563
0.147789
-14.535373
-4.894961
0
-16022.624023
1896.44165
-7531.695801
0.147789
-14.535373
-4.894961
0
-15948.741211
1890.114258
-7550.921875
0.147789
-14.535373
-4.894961
0
-15874.682617
1883.771851
-7570.193848
0.147789
-14.535373
-4.894961
0
-15802.56543
1877.595581
-7588.960449
0.147789
-14.535373
-4.894961
0
-15736.911133
1871.972778
-7606.04541
0.147789
-14.535373
-4.894961
0
-15664.25293
1865.750244
-7624.952637
0.147789
-14.535373
-4.894961
0
-15592.446289
1859.600586
-7643.638672
0.147789
-14.535373
-4.894961
0
-15522.202148
1853.584717
-7661.917969
0.147789
-14.535373
-4.894961
0
-15448.097656
1847.238281
-7681.202148
0.147789
-14.535373
-4.894961
0
-15371.076172
1840.64209
-7701.245117
0.147789
-14.535373
-4.894961
0
-15303.130859
1834.82312
-7718.92627
0.147789
-14.535373
-4.894961
0
-15229.581055
1828.52417
-7738.065918
0.147789
-14.535373
-4.894961
0
-15157.306641
1822.334473
-7756.873535
0.147789
-14.535373
-4.894961
0
-15081.639648
1815.854248
-7776.563965
0.147789
-14.535373
-4.894961
0
-15007.180664
1809.477539
-7795.939941
0.147789
-14.535373
-4.894961
0
-14934.78418
1803.277466
-7814.779297
0.147789
-14.535373
-4.894961
0
-14861.501953
1797.001465
-7833.849121
0.147789
-14.535373
-4.894961
0
-14790.833984
1790.949341
-7852.23877
0.147789
-14.535373
-4.894961
0
-14720.482422
1784.924316
-7870.545898
0.147789
-14.535373
-4.894961
0
-14643.46582
1778.328491
-7890.587402
0.147789
-14.535373
-4.894961
0
-14571.87207
1772.197144
-7909.217773
0.147789
-14.535373
-4.894961
0
-14500.704102
1766.102173
-7927.737793
0.147789
-14.535373
-4.894961
0
-14424.764648
1759.598633
-7947.499023
0.147789
-14.535373
-4.894961
0
-14351.605469
1753.33313
-7966.537109
0.147789
-14.535373
-4.894961
0
-14274.874023
1746.761719
-7986.504395
0.147789
-14.535373
-4.894961
0
-14197.462891
1740.13208
-8006.648926
0.147789
-14.535373
-4.894961
0
-14123.299805
1733.78064
-8025.948242
0.147789
-14.535373
-4.894961
0
-14048.157227
1727.345337
-8045.502441
0.147789
-14.535373
-4.894961
0
-13975.462891
1721.119629
-8064.419434
0.147789
-14.535373
-4.894961
0
-13905.210938
1715.103149
-8082.700684
0.147789
-14.535373
-4.894961
0
-13831.013672
1708.748779
-8102.008789
0.147789
-14.535373
-4.894961
0
-13760.991211
1702.751953
-8120.230469
0.147789
-14.535373
-4.894961
0
-13691.619141
1696.810791
-8138.282715
0.147789
-14.535373
-4.894961
0
-13620.036133
1690.680298
-8156.910645
0.147789
-14.535373
-4.894961
0
-13548.269531
1684.53418
-8175.585938
0.147789
-14.535373
-4.894961
0
-13475.904297
1678.33667
-8194.416992
0.147789
-14.535373
-4.894961
0
-13402.56543
1672.055786
-8213.501953
0.147789
-14.535373
-4.894961
0
-13332.418945
1666.04834
-8231.755859
0.147789
-14.535373
-4.894961
0
-13260.245117
1659.86731
-8250.537109
0.147789
-14.535373
-4.894961
0
-13188.883789
1653.755859
-8269.107422
0.147789
-14.535373
-4.894961
0
-13114.374023
1647.374756
-8288.49707
0.147789
-14.535373
-4.894961
0
-13038.402344
1640.868408
-8308.266602
0.147789
-14.535373
-4.894961
0
-12963.325195
1634.438721
-8327.803711
0.147789
-14.535373
-4.894961
0
-12894.504883
1628.5448
-8345.712891
0.147789
-14.535373
-4.894961
0
-12821.959961
1622.331909
-8364.59082
0.147789
-14.535373
-4.894961
0
-12753.042969
1616.429688
-8382.524414
0.147789
-14.535373
-4.894961
0
-12685.935547
1610.682495
-8399.987305
0.147789
-14.535373
-4.894961
0
-12604.770508
1603.731445
-8421.108398
0.147789
-14.535373
-4.894961
0
-12529.969727
1597.325439
-8440.573242
0.147789
-14.535373
-4.894961
0
-12455.830078
1590.975952
-8459.866211
0.147789
-14.535373
-4.894961
0
-12382.144531
1584.665405
-8479.041016
0.147789
-14.535373
-4.894961
0
-12306.490234
1578.186279
-8498.728516
0.147789
-14.535373
-4.894961
0
-12231.733398
1571.783936
-8518.182617
0.147789
-14.535373
-4.894961
0
-12155.905273
1565.289917
-8537.915039
0.147789
-14.535373
-4.894961
0
-12082.772461
1559.026733
-8556.946289
0.147789
-14.535373
-4.894961
0
-12007.980469
1552.62146
-8576.40918
0.147789
-14.535373
-4.894961
0
-11938.848633
1546.700928
-8594.399414
0.147789
-14.535373
-4.894961
0
-11867.84375
1540.619995
-8612.876953
0.147789
-14.535373
-4.894961
0
-11797.853516
1534.625977
-8631.089844
0.147789
-14.535373
-4.894961
0
-11723.938477
1528.295776
-8650.324219
0.147789
-14.535373
-4.894961
0
-11650.255859
1521.985474
-8669.498047
0.147789
-14.535373
-4.894961
0
-11579.432617
1515.920044
-8687.927734
0.147789
-14.535373
-4.894961
0
-11505.958008
1509.627563
-8707.047852
0.147789
-14.535373
-4.894961
0
-11430.112305
1503.131958
-8726.785156
0.147789
-14.535373
-4.894961
0
-11353.044922
1496.531738
-8746.839844
0.147789
-14.535373
-4.894961
0
-11274.507813
1489.805664
-8767.277344
0.147789
-14.535373
-4.894961
0
-11199.328125
1483.367188
-8786.84082
0.147789
-14.535373
-4.894961
0
-11130.935547
1477.509888
-8804.638672
0.147789
-14.535373
-4.894961
0
-11058.489258
1471.305542
-8823.491211
0.147789
-14.535373
-4.894961
0
-10986.530273
1465.142822
-8842.216797
0.147789
-14.535373
-4.894961
0
-10915.665039
1459.07373
-8860.658203
0.147789
-14.535373
-4.894961
0
-10845.854492
1453.095093
-8878.824219
0.147789
-14.535373
-4.894961
0
-10777.03418
1447.201172
-8896.733398
0.147789
-14.535373
-4.894961
0
-10703.333008
1440.889282
-8915.912109
0.147789
-14.535373
-4.894961
0
-10630.509766
1434.652588
-8934.862305
0.147789
-14.535373
-4.894961
0
-10557.091797
1428.36499
-8953.967773
0.147789
-14.535373
-4.894961
0
-10487.18457
1422.378052
-8972.15918
0.147789
-14.535373
-4.894961
0
-10415.958984
1416.278198
-8990.693359
0.147789
-14.535373
-4.894961
0
-10348.230469
1410.477783
-9008.318359
0.147789
-14.535373
-4.894961
0
-10276.382813
1404.324585
-9027.014648
0.147789
-14.535373
-4.894961
0
-10206.625
1398.350464
-9045.166992
0.147789
-14.535373
-4.894961
0
-10129.775391
1391.768921
-9065.165039
0.147789
-14.535373
-4.894961
0
-10059.369141
1385.739136
-9083.486328
0.147789
-14.535373
-4.894961
0
-9988.186523
1379.642944
-9102.009766
0.147789
-14.535373
-4.894961
0
-9916.945313
1373.541748
-9120.548828
0.147789
-14.535373
-4.894961
0
-9845.171875
1367.394897
-9139.226563
0.147789
-14.535373
-4.894961
0
-9771.116211
1361.052734
-9158.498047
0.147789
-14.535373
-4.894961
0
-9701.572266
1355.096802
-9176.595703
0.147789
-14.535373
-4.894961
0
-9629.163086
1348.895508
-9195.438477
0.147789
-14.535373
-4.894961
0
-9551.235352
1342.22168
-9215.716797
0.147789
-14.535373
-4.894961
0
-9476.601563
1335.829956
-9235.138672
0.147789
-14.535373
-4.894961
0
-9406.469727
1329.82373
-9253.388672
0.147789
-14.535373
-4.894961
0
-9332.041992
1323.449585
-9272.756836
0.147789
-14.535373
-4.894961
0
-9253.527344
1316.725464
-9293.188477
0.147789
-14.535373
-4.894961
0
-9185.982422
1310.940796
-9310.765625
0.147789
-14.535373
-4.894961
0
-9116.986328
1305.03186
-9328.719727
0.147789
-14.535373
-4.894961
0
-9043.729492
1298.758057
-9347.783203
0.147789
-14.535373
-4.894961
0
-8975.047852
1292.875977
-9365.65625
0.147789
-14.535373
-4.894961
0
-8901.068359
1286.540283
-9384.907227
0.147789
-14.535373
-4.894961
0
-8827.34082
1280.226074
-9404.092773
0.147789
-14.535373
-4.894961
0
-8756.799805
1274.184814
-9422.449219
0.147789
-14.535373
-4.894961
0
-8682.405273
1267.813599
-9441.808594
0.147789
-14.535373
-4.894961
0
-8605.959961
1261.266724
-9461.701172
0.147789
-14.535373
-4.894961
0
-8535.852539
1255.262695
-9479.944336
0.147789
-14.535373
-4.894961
0
-8466.329102
1249.308594
-9498.036133
0.147789
-14.535373
-4.894961
0
-8392.373047
1242.974854
-9517.28125
0.147789
-14.535373
-4.894961
0
-8323.976563
1237.117188
-9535.080078
0.147789
-14.535373
-4.894961
0
-8249.666016
1230.753052
-9554.417969
0.147789
-14.535373
-4.894961
0
-8181.213379
1224.890625
-9572.231445
0.147789
-14.535373
-4.894961
0
-8100.0
1217.935425
-9593.365234
0.147789
-14.535373
-4.894961
0
-8020.501465
1211.127075
-9614.052734
0.147789
-14.535373
-4.894961
0
-7950.461426
1205.128784
-9632.279297
0.147789
-14.535373
-4.894961
0
-7865.722656
1197.871582
-9654.330078
0.147789
-14.535373
-4.894961
0
-7796.536621
1191.946411
-9672.333984
0.147789
-14.535373
-4.894961
0
-7722.107422
1185.572144
-9691.702148
0.147789
-14.535373
-4.894961
0
-7651.623047
1179.535767
-9710.043945
0.147789
-14.535373
-4.894961
0
-7573.730957
1172.86499
-9730.313477
0.147789
-14.535373
-4.894961
0
-7499.703613
1166.525146
-9749.577148
0.147789
-14.535373
-4.894961
0
-7424.280273
1160.065796
-9769.204102
0.147789
-14.535373
-4.894961
0
-7350.897461
1153.781128
-9788.299805
0.147789
-14.535373
-4.894961
0
-7279.255371
1147.64563
-9806.942383
0.147789
-14.535373
-4.894961
0
-7204.898926
1141.277588
-9826.291992
0.147789
-14.535373
-4.894961
0
-7125.736328
1134.498047
-9846.891602
0.147789
-14.535373
-4.894961
0
-7053.395508
1128.302734
-9865.716797
0.147789
-14.535373
-4.894961
0
-6979.990723
1122.016235
-9884.818359
0.147789
-14.535373
-4.894961
0
-6909.457031
1115.975586
-9903.172852
0.147789
-14.535373
-4.894961
0
-6837.283203
1109.794556
-9921.954102
0.147789
-14.535373
-4.894961
0
-6765.321289
1103.631592
-9940.680664
0.147789
-14.535373
-4.894961
0
-6692.882813
1097.427856
-9959.53125
0.147789
-14.535373
-4.894961
0
-6620.929688
1091.265625
-9978.254883
0.147789
-14.535373
-4.894961
0
-6550.265625
1085.213867
-9996.643555
0.147789
-14.535373
-4.894961
0
-6480.993164
1079.28125
-10014.669922
0.147789
-14.535373
-4.894961
0
-6407.373535
1072.976318
-10033.827148
0.147789
-14.535373
-4.894961
0
-6335.035645
1066.78125
-10052.651367
0.147789
-14.535373
-4.894961
0
-6258.104004
1060.192627
-10072.670898
0.147789
-14.535373
-4.894961
0
-6187.489746
1054.145142
-10091.046875
0.147789
-14.535373
-4.894961
0
-6109.21875
1047.441895
-10111.415039
0.147789
-14.535373
-4.894961
0
-6035.847656
1041.158325
-10130.507813
0.147789
-14.535373
-4.894961
0
-5963.866699
1034.993774
-10149.239258
0.147789
-14.535373
-4.894961
0
-5885.518555
1028.283936
-10169.62793
0.147789
-14.535373
-4.894961
0
-5813.242188
1022.094055
-10188.436523
0.147789
-14.535373
-4.894961
0
-5738.087891
1015.657715
-10207.993164
0.147789
-14.535373
-4.894961
0
-5667.476563
1009.610474
-10226.368164
0.147789
-14.535373
-4.894961
0
-5593.332031
1003.26062
-10245.662109
0.147789
-14.535373
-4.894961
0
-5517.630859
996.777466
-10265.361328
0.147789
-14.535373
-4.894961
0
-5436.590332
989.837036
-10286.450195
0.147789
-14.535373
-4.894961
0
-5365.496582
983.748474
-10304.950195
0.147789
-14.535373
-4.894961
0
-5295.864746
977.785095
-10323.070313
0.147789
-14.535373
-4.894961
0
-5221.022949
971.375549
-10342.545898
0.147789
-14.535373
-4.894961
0
-5149.544922
965.254028
-10361.146484
0.147789
-14.535373
-4.894961
0
-5073.194824
958.715271
-10381.014648
0.147789
-14.535373
-4.894961
0
-4996.125488
952.114929
-10401.070313
0.147789
-14.535373
-4.894961
0
-4923.878418
945.927551
-10419.871094
0.147789
-14.535373
-4.894961
0
-4848.370117
939.460938
-10439.520508
0.147789
-14.535373
-4.894961
0
-4771.546387
932.881653
-10459.511719
0.147789
-14.535373
-4.894961
0
-4700.410156
926.789429
-10478.023438
0.147789
-14.535373
-4.894961
0
-4629.300293
920.699463
-10496.52832
0.147789
-14.535373
-4.894961
0
-4559.416992
914.714539
-10514.713867
0.147789
-14.535373
-4.894961
0
-4486.412598
908.462341
-10533.710938
0.147789
-14.535373
-4.894961
0
-4413.399414
902.209412
-10552.710938
0.147789
-14.535373
-4.894961
0
-4341.521973
896.053711
-10571.415039
0.147789
-14.535373
-4.894961
0
-4268.387695
889.790344
-10590.446289
0.147789
-14.535373
-4.894961
0
-4196.88623
883.666809
-10609.052734
0.147789
-14.535373
-4.894961
0
-4121.034668
877.170776
-10628.791016
0.147789
-14.535373
-4.894961
0
-4049.539063
871.047791
-10647.396484
0.147789
-14.535373
-4.894961
0
-3974.826172
864.649231
-10666.838867
0.147789
-14.535373
-4.894961
0
-3903.29834
858.523499
-10685.452148
0.147789
-14.535373
-4.894961
0
-3829.358643
852.191162
-10704.693359
0.147789
-14.535373
-4.894961
0
-3755.204102
845.840454
-10723.990234
0.147789
-14.535373
-4.894961
0
-3679.609619
839.366455
-10743.662109
0.147789
-14.535373
-4.894961
0
-3606.890381
833.138672
-10762.585938
0.147789
-14.535373
-4.894961
0
-3535.667969
827.039063
-10781.120117
0.147789
-14.535373
-4.894961
0
-3464.841797
820.973389
-10799.550781
0.147789
-14.535373
-4.894961
0
-3393.448486
814.859131
-10818.128906
0.147789
-14.535373
-4.894961
0
-3319.344971
808.512817
-10837.412109
0.147789
-14.535373
-4.894961
0
-3245.688965
802.204773
-10856.579102
0.147789
-14.535373
-4.894961
0
-3167.958984
795.547852
-10876.806641
0.147789
-14.535373
-4.894961
0
-3087.935547
788.694519
-10897.630859
0.147789
-14.535373
-4.894961
0
-3019.367676
782.822266
-10915.473633
0.147789
-14.535373
-4.894961
0
-2942.634521
776.250732
-10935.441406
0.147789
-14.535373
-4.894961
0
-2869.713623
770.005676
-10954.416992
0.147789
-14.535373
-4.894961
0
-2799.472168
763.990051
-10972.695313
0.147789
-14.535373
-4.894961
0
-2727.387451
757.816589
-10991.453125
0.147789
-14.535373
-4.894961
0
-2655.302734
751.643127
-11010.210938
0.147789
-14.535373
-4.894961
0
-2582.557129
745.413086
-11029.141602
0.147789
-14.535373
-4.894961
0
-2513.169189
739.470581
-11047.198242
0.147789
-14.535373
-4.894961
0
-2439.743896
733.182312
-11066.305664
0.147789
-14.535373
-4.894961
0
-2369.158936
727.137268
-11084.673828
0.147789
-14.535373
-4.894961
0
-2298.31958
721.070496
-11103.108398
0.147789
-14.535373
-4.894961
0
-2224.51001
714.749329
-11122.31543
0.147789
-14.535373
-4.894961
0
-2154.259766
708.732971
-11140.59668
0.147789
-14.535373
-4.894961
0
-2078.286865
702.226501
-11160.367188
0.147789
-14.535373
-4.894961
0
-2004.540161
695.910706
-11179.557617
0.147789
-14.535373
-4.894961
0
-1936.213501
690.059082
-11197.337891
0.147789
-14.535373
-4.894961
0
-1862.688965
683.762329
-11216.470703
0.147789
-14.535373
-4.894961
0
-1793.029175
677.79657
-11234.597656
0.147789
-14.535373
-4.894961
0
-1717.385132
671.318298
-11254.282227
0.147789
-14.535373
-4.894961
0
-1647.082153
665.297424
-11272.577148
0.147789
-14.535373
-4.894961
0
-1574.060425
659.043701
-11291.579102
0.147789
-14.535373
-4.894961
0
-1498.895752
652.606506
-11311.138672
0.147789
-14.535373
-4.894961
0
-1425.711792
646.338928
-11330.182617
0.147789
-14.535373
-4.894961
0
-1356.994873
640.453918
-11348.064453
0.147789
-14.535373
-4.894961
0
-1278.560303
633.736633
-11368.475586
0.147789
-14.535373
-4.894961
0
-1204.759521
627.416199
-11387.680664
0.147789
-14.535373
-4.894961
0
-1127.779419
620.823486
-11407.712891
0.147789
-14.535373
-4.894961
0
-1054.360107
614.535767
-11426.818359
0.147789
-14.535373
-4.894961
0
-982.703613
608.398987
-11445.464844
0.147789
-14.535373
-4.894961
0
-909.499146
602.129639
-11464.514648
0.147789
-14.535373
-4.894961
0
-838.944763
596.087219
-11482.875
0.147789
-14.535373
-4.894961
0
-768.862549
590.085266
-11501.112305
0.147789
-14.535373
-4.894961
0
-693.592651
583.639038
-11520.699219
0.147789
-14.535373
-4.894961
0
-620.572388
577.385437
-11539.701172
0.147789
-14.535373
-4.894961
0
-546.319885
571.026306
-11559.023438
0.147789
-14.535373
-4.894961
0
-473.963226
564.82959
-11577.852539
0.147789
-14.535373
-4.894961
0
-399.069
558.415527
-11597.341797
0.147789
-14.535373
-4.894961
0
-324.598694
552.037781
-11616.720703
0.147789
-14.535373
-4.894961
0
-251.68512
545.793335
-11635.694336
0.147789
-14.535373
-4.894961
0
-178.230713
539.502563
-11654.808594
0.147789
-14.535373
-4.894961
0
-101.839722
532.960327
-11674.6875
0.147789
-14.535373
-4.894961
0
-32.216469
526.997681
-11692.805664
0.147789
-14.535373
-4.894961
0
38.296959
520.958801
-11711.155273
0.147789
-14.535373
-4.894961
0
107.690704
515.015808
-11729.212891
0.147789
-14.535373
-4.894961
0
178.775665
508.927979
-11747.710938
0.147789
-14.535373
-4.894961
0
250.128128
502.81723
-11766.27832
0.147789
-14.535373
-4.894961
0
322.986145
496.577545
-11785.238281
0.147789
-14.535373
-4.894961
0
394.391205
490.462311
-11803.819336
0.147789
-14.535373
-4.894961
0
468.672974
484.100708
-11823.149414
0.147789
-14.535373
-4.894961
0
539.20105
478.060577
-11841.50293
0.147789
-14.535373
-4.894961
0
614.856812
471.581299
-11861.19043
0.147789
-14.535373
-4.894961
0
687.932617
465.322968
-11880.207031
0.147789
-14.535373
-4.894961
0
764.262207
458.78598
-11900.070313
0.147789
-14.535373
-4.894961
0
835.110352
452.718445
-11918.506836
0.147789
-14.535373
-4.894961
0
910.095215
446.296631
-11938.019531
0.147789
-14.535373
-4.894961
0
985.511292
439.837891
-11957.644531
0.147789
-14.535373
-4.894961
0
1054.495728
433.929962
-11975.595703
0.147789
-14.535373
-4.894961
0
1128.094849
427.626801
-11994.748047
0.147789
-14.535373
-4.894961
0
1199.818604
421.484253
-12013.412109
0.147789
-14.535373
-4.894961
0
1272.464722
415.262726
-12032.316406
0.147789
-14.535373
-4.894961
0
1345.780273
408.983856
-12051.394531
0.147789
-14.535373
-4.894961
0
1419.917603
402.634613
-12070.679688
0.147786
-14.530305
-4.894961
0
1492.363525
396.43042
-12089.453125
0.147751
-14.4772
-4.894809
0
1570.342651
389.752533
-12109.584961
0.147716
-14.425324
-4.894687
0
1642.769409
383.550323
-12128.208008
0.147679
-14.369509
-4.894533
0
1716.297119
377.253998
-12147.042969
0.147645
-14.317654
-4.894411
0
1789.247192
371.007385
-12165.630859
0.147597
-14.244625
-4.894228
0
1860.608643
364.897034
-12183.716797
0.14755
-14.172177
-4.894045
0
1933.536011
358.652832
-12202.103516
0.147504
-14.101348
-4.893863
0
2002.309692
352.764496
-12219.350586
0.147458
-14.028955
-4.89368
0
2076.153809
346.442261
-12237.775391
0.147414
-13.960721
-4.893496
0
2151.532715
339.988861
-12256.480469
0.147367
-13.887475
-4.893313
0
2225.99292
333.614349
-12274.854492
0.14732
-13.812738
-4.89313
0
2296.013184
327.620178
-12292.037109
0.147273
-13.738945
-4.892948
0
2370.758301
321.221771
-12310.282227
0.14723
-13.669551
-4.892764
0
2445.469482
314.826508
-12328.416992
0.147184
-13.595511
-4.89258
0
2519.016113
308.531158
-12346.167969
0.147138
-13.521513
-4.892397
0
2593.250488
302.177185
-12363.984375
0.147093
-13.448696
-4.892214
0
2663.679199
296.14917
-12380.791992
0.147048
-13.375237
-4.892031
0
2737.840332
289.801941
-12398.394531
0.147006
-13.30557
-4.891848
0
2810.5625
283.577972
-12415.630859
0.146994
-13.286835
-4.891787
0
2886.506104
277.078278
-12433.629883
0.146994
-13.286835
-4.891787
0
2960.524414
270.743347
-12451.172852
0.146994
-13.286835
-4.891787
0
3030.809814
264.727905
-12467.831055
0.146994
-13.286835
-4.891787
0
3107.766113
258.141541
-12486.070313
0.146994
-13.286835
-4.891787
0
3177.857666
252.1427
-12502.682617
0.146994
-13.286835
-4.891787
0
3252.678467
245.739105
-12520.416016
0.146994
-13.286835
-4.891787
0
3327.187744
239.362167
-12538.075195
0.146994
-13.286835
-4.891787
0
3400.837158
233.058823
-12555.53125
0.146994
-13.286835
-4.891787
0
3474.862793
226.723267
-12573.076172
0.146994
-13.286835
-4.891787
0
3548.600586
220.412369
-12590.552734
0.146994
-13.286835
-4.891787
0
3618.724365
214.410767
-12607.172852
0.146994
-13.286835
-4.891787
0
3692.795654
208.07132
-12624.728516
0.146994
-13.286835
-4.891787
0
3762.741699
202.08493
-12641.306641
0.146994
-13.286835
-4.891787
0
3832.055664
196.152634
-12657.734375
0.146994
-13.286835
-4.891787
0
3905.628662
189.85582
-12675.171875
0.146994
-13.286835
-4.891787
0
3977.42041
183.711456
-12692.1875
0.146994
-13.286835
-4.891787
0
4051.873779
177.33931
-12709.833984
0.146994
-13.286835
-4.891787
0
4125.586426
171.030548
-12727.304688
0.146994
-13.286835
-4.891787
0
4200.123535
164.65123
-12744.970703
0.146994
-13.286835
-4.891787
0
4274.944336
158.247635
-12762.704102
0.146994
-13.286835
-4.891787
0
4346.092285
152.158356
-12779.567383
0.146994
-13.286835
-4.891787
0
4422.23584
145.641556
-12797.614258
0.146994
-13.286835
-4.891787
0
4499.879883
138.996323
-12816.008789
0.146991
-13.281582
-4.891787
0
4568.952148
133.084763
-12832.357422
0.146984
-13.26907
-4.891757
0
4645.663086
126.51947
-12850.498047
0.146977
-13.257936
-4.891726
0
4717.22168
120.395187
-12867.40332
0.146969
-13.245573
-4.891695
0
4790.13916
114.154663
-12884.614258
0.146963
-13.234037
-4.891665
0
4868.53125
107.44561
-12903.100586
0.146955
-13.222289
-4.891635
0
4940.051758
101.324692
-12919.949219
0.146948
-13.209654
-4.891603
0
5014.930664
94.916397
-12937.573242
0.146941
-13.198117
-4.891573
0
5084.376465
88.973129
-12953.90332
0.146934
-13.186062
-4.891542
0
5160.256348
82.47924
-12971.730469
0.146927
-13.17486
-4.891512
0
5232.242188
76.318665
-12988.626953
0.14692
-13.162627
-4.891481
0
5304.693359
70.118317
-13005.617188
0.146913
-13.151037
-4.891452
0
5377.124023
63.919731
-13022.586914
0.146906
-13.139364
-4.89142
0
5450.643555
57.62801
-13039.795898
0.146899
-13.127711
-4.891391
0
5523.397461
51.401848
-13056.80957
0.146892
-13.115869
-4.89136
0
5599.197754
44.915016
-13074.519531
0.146885
-13.104155
-4.891329
0
5671.864746
38.696381
-13091.480469
0.146878
-13.091949
-4.891299
0
5745.103027
32.428902
-13108.55957
0.146871
-13.080256
-4.891268
0
5819.033203
26.102251
-13125.783203
0.146864
-13.068474
-4.891238
0
5890.058594
20.024208
-13142.314453
0.146857
-13.056575
-4.891207
0
5965.129883
13.599981
-13159.771484
0.14685
-13.045135
-4.891177
0
6037.906738
7.372125
-13176.678711
0.146843
-13.033045
-4.891146
0
6111.499512
1.074515
-13193.759766
0.146836
-13.021332
-4.891117
0
6187.929199
-5.465845
-13211.482422
0.146829
-13.009488
-4.891085
0
6260.312012
-11.659861
-13228.250977
0.146822
-12.997193
-4.891055
0
6345.385254
-18.939768
-13247.94043
0.146815
-12.985535
-4.891024
0
6418.986328
-25.237656
-13264.850586
0.146761
-12.893703
-4.890781
0
6493.111816
-31.579882
-13281.652344
0.146663
-12.726411
-4.890352
0
6567.899414
-37.978195
-13298.373047
0.146567
-12.55804
-4.889925
0
6640.986328
-44.230377
-13314.466797
0.146463
-12.374574
-4.889436
0
6719.166016
-50.917469
-13331.376953
0.146345
-12.161889
-4.888888
0
6793.164551
-57.245445
-13346.793945
0.14611
-11.727052
-4.887758
0
6867.969727
-63.64069
-13361.689453
0.145848
-11.221434
-4.886446
0
6939.649902
-69.766937
-13375.244141
0.145577
-10.670223
-4.885011
0
7014.703613
-76.179726
-13388.720703
0.145331
-10.143035
-4.883638
0
7087.131836
-82.366371
-13401.004883
0.145088
-9.591975
-4.882234
0
7158.666504
-88.474998
-13412.454102
0.144868
-9.061065
-4.880862
0
7231.55127
-94.697174
-13423.435547
0.144663
-8.537504
-4.879519
0
7308.763672
-101.28698
-13434.333008
0.144468
-8.004825
-4.878176
0
7385.67041
-107.848763
-13444.414063
0.144275
-7.441279
-4.876741
0
7461.227051
-114.293488
-13453.574219
0.1441
-6.88763
-4.875338
0
7538.936523
-120.920166
-13462.330078
0.143959
-6.405672
-4.874117
0
7616.48877
-127.532204
-13470.560547
0.143857
-6.036466
-4.873201
0
7693.409668
-134.089584
-13478.393555
0.143794
-5.793912
-4.872591
0
7767.03125
-140.365158
-13485.676758
0.143753
-5.629578
-4.872164
0
7840.229004
-146.604568
-13492.90332
0.14375
-5.61798
-4.872134
0
7912.633301
-152.776291
-13500.037109
0.143747
-5.606444
-4.872103
0
7989.456055
-159.3246
-13507.589844
0.143745
-5.595031
-4.872073
0
8066.474121
-165.889542
-13515.145508
0.143742
-5.582914
-4.872042
0
8144.064941
-172.50325
-13522.741211
0.143739
-5.57077
-4.872012
0
8222.680664
-179.20433
-13530.436523
0.143739
-5.57077
-4.872012
0
8296.74707
-185.517624
-13537.686523
0.143739
-5.57077
-4.872012
0
8370.841797
-191.833344
-13544.939453
0.143739
-5.57077
-4.872012
0
8446.854492
-198.312546
-13552.379883
0.143739
-5.57077
-4.872012
0
8522.921875
-204.796356
-13559.826172
0.143739
-5.57077
-4.872012
0
8596.859375
-211.098633
-13567.063477
0.143739
-5.57077
-4.872012
0
8671.77832
-217.484558
-13574.397461
0.143739
-5.57077
-4.872012
0
8748.061523
-223.986816
-13581.865234
0.143739
-5.57077
-4.872012
0
8824.99707
-230.544678
-13589.396484
0.143739
-5.57077
-4.872012
0
8898.361328
-236.798141
-13596.578125
0.143739
-5.57077
-4.872012
0
8974.945313
-243.326019
-13604.075195
0.143739
-5.57077
-4.872012
0
9047.719727
-249.529144
-13611.199219
0.143739
-5.57077
-4.872012
0
9120.693359
-255.749298
-13618.342773
0.143739
-5.57077
-4.872012
0
9198.431641
-262.37558
-13625.952148
0.143739
-5.57077
-4.872012
0
9273.827148
-268.802124
-13633.333008
0.143739
-5.57077
-4.872012
0
9349.989258
-275.294006
-13640.788086
0.143739
-5.57077
-4.872012
0
9426.242188
-281.793701
-13648.25293
0.143739
-5.57077
-4.872012
0
9501.956055
-288.247406
-13655.664063
0.143739
-5.57077
-4.872012
0
9574.782227
-294.455017
-13662.792969
0.143739
-5.57077
-4.872012
0
9648.706055
-300.756134
-13670.029297
0.143739
-5.57077
-4.872012
0
9728.643555
-307.569824
-13677.854492
0.143739
-5.57077
-4.872012
0
9800.916992
-313.730286
-13684.929688
0.143739
-5.57077
-4.872012
0
9874.026367
-319.961975
-13692.085938
0.143739
-5.57077
-4.872012
0
9950.275391
-326.461273
-13699.549805
0.143739
-5.57077
-4.872012
0
10027.857422
-333.074219
-13707.144531
0.143739
-5.57077
-4.872012
0
10099.935547
-339.218018
-13714.200195
0.143739
-5.57077
-4.872012
0
10179.801758
-346.025696
-13722.018555
0.143739
-5.57077
-4.872012
0
10253.172852
-352.279663
-13729.201172
0.143739
-5.57077
-4.872012
0
10328.630859
-358.711578
-13736.587891
0.143739
-5.57077
-4.872012
0
10403.996094
-365.135559
-13743.96582
0.143739
-5.57077
-4.872012
0
10478.755859
-371.507904
-13751.28418
0.143739
-5.57077
-4.872012
0
10557.541992
-378.22345
-13758.996094
0.143739
-5.57077
-4.872012
0
10631.462891
-384.524323
-13766.232422
0.143739
-5.57077
-4.872012
0
10708.556641
-391.095642
-13773.779297
0.143739
-5.57077
-4.872012
0
10781.46875
-397.310547
-13780.916992
0.143739
-5.57077
-4.872012
0
10860.083008
-404.011505
-13788.612305
0.143739
-5.57077
-4.872012
0
10938.521484
-410.697479
-13796.291016
0.143739
-5.57077
-4.872012
0
11013.808594
-417.114807
-13803.661133
0.143739
-5.57077
-4.872012
0
11089.427734
-423.560425
-13811.063477
0.143739
-5.57077
-4.872012
0
11172.223633
-430.617798
-13819.167969
0.143739
-5.57077
-4.872012
0
11251.414063
-437.367828
-13826.919922
0.143739
-5.57077
-4.872012
0
11324.755859
-443.619385
-13834.099609
0.143739
-5.57077
-4.872012
0
11399.617188
-450.000458
-13841.427734
0.143739
-5.57077
-4.872012
0
11473.661133
-456.311829
-13848.675781
0.143739
-5.57077
-4.872012
0
11550.825195
-462.88916
-13856.229492
0.143739
-5.57077
-4.872012
0
11627.864258
-469.455841
-13863.770508
0.143739
-5.57077
-4.872012
0
11701.867188
-475.763763
-13871.014648
0.143739
-5.57077
-4.872012
0
11776.661133
-482.139069
-13878.335938
0.143739
-5.57077
-4.872012
0
11851.18457
-488.491302
-13885.630859
0.143739
-5.57077
-4.872012
0
11926.533203
-494.913879
-13893.006836
0.143739
-5.57077
-4.872012
0
12001.491211
-501.303131
-13900.344727
0.143739
-5.57077
-4.872012
0
12073.655273
-507.454224
-13907.40918
0.143739
-5.57077
-4.872012
0
12153.269531
-514.240356
-13915.202148
0.143739
-5.57077
-4.872012
0
12226.47168
-520.47998
-13922.368164
0.143739
-5.57077
-4.872012
0
12305.24707
-527.194641
-13930.079102
0.143739
-5.57077
-4.872012
0
12383.935547
-533.901855
-13937.782227
0.143739
-5.57077
-4.872012
0
12461.467773
-540.510559
-13945.37207
0.143739
-5.57077
-4.872012
0
12536.619141
-546.916321
-13952.728516
0.143739
-5.57077
-4.872012
0
12610.499023
-553.213745
-13959.960938
0.143739
-5.57077
-4.872012
0
12685.324219
-559.591736
-13967.285156
0.143739
-5.57077
-4.872012
0
12762.049805
-566.131653
-13974.795898
0.143739
-5.57077
-4.872012
0
12836.006836
-572.435608
-13982.035156
0.143739
-5.57077
-4.872012
0
12908.376953
-578.604248
-13989.119141
0.143739
-5.57077
-4.872012
0
12988.657227
-585.447144
-13996.977539
0.143739
-5.57077
-4.872012
0
13064.000977
-591.869324
-14004.352539
0.143739
-5.57077
-4.872012
0
13139.69043
-598.320984
-14011.761719
0.143739
-5.57077
-4.872012
0
13217.436523
-604.947937
-14019.37207
0.143739
-5.57077
-4.872012
0
13293.735352
-611.451477
-14026.84082
0.143739
-5.57077
-4.872012
0
13370.148438
-617.964722
-14034.321289
0.143739
-5.57077
-4.872012
0
13443.084961
-624.181702
-14041.460938
0.143739
-5.57077
-4.872012
0
13518.541992
-630.613525
-14048.847656
0.143739
-5.57077
-4.872012
0
13593.929688
-637.039429
-14056.227539
0.143739
-5.57077
-4.872012
0
13675.083008
-643.956787
-14064.171875
0.143739
-5.57077
-4.872012
0
13749.383789
-650.290039
-14071.445313
0.143739
-5.57077
-4.872012
0
13826.087891
-656.828186
-14078.954102
0.143739
-5.57077
-4.872012
0
13903.244141
-663.404846
-14086.506836
0.143739
-5.57077
-4.872012
0
13977.916992
-669.769836
-14093.816406
0.143739
-5.57077
-4.872012
0
14057.53418
-676.556213
-14101.610352
0.143739
-5.57077
-4.872012
0
14131.982422
-682.902039
-14108.898438
0.143739
-5.57077
-4.872012
0
14203.231445
-688.97522
-14115.873047
0.143739
-5.57077
-4.872012
0
14279.362305
-695.464478
-14123.325195
0.143739
-5.57077
-4.872012
0
14356.583008
-702.046631
-14130.884766
0.143739
-5.57077
-4.872012
0
14432.943359
-708.55542
-14138.359375
0.143739
-5.57077
-4.872012
0
14508.391602
-714.986511
-14145.745117
0.143739
-5.57077
-4.872012
0
14592.347656
-722.1427
-14153.963867
0.143739
-5.57077
-4.872012
0
14668.324219
-728.618835
-14161.401367
0.143739
-5.57077
-4.872012
0
14743.058594
-734.989075
-14168.716797
0.143739
-5.57077
-4.872012
0
14822.303711
-741.743713
-14176.473633
0.143739
-5.57077
-4.872012
0
14896.704102
-748.085449
-14183.756836
0.143739
-5.57077
-4.872012
0
14976.349609
-754.874329
-14191.553711
0.143739
-5.57077
-4.872012
0
15052.811523
-761.391785
-14199.038086
0.143739
-5.57077
-4.872012
0
15128.970703
-767.883484
-14206.493164
0.143739
-5.57077
-4.872012
0
15205.46875
-774.403992
-14213.981445
0.143739
-5.57077
-4.872012
0
15278.429688
-780.623047
-14221.124023
0.143739
-5.57077
-4.872012
0
15354.150391
-787.077332
-14228.536133
0.143739
-5.57077
-4.872012
0
15438.657227
-794.280518
-14236.808594
0.143739
-5.57077
-4.872012
0
15518.43457
-801.080627
-14244.618164
0.143739
-5.57077
-4.872012
0
15594.407227
-807.556335
-14252.054688
0.143739
-5.57077
-4.872012
0
15672.030273
-814.172791
-14259.65332
0.143739
-5.57077
-4.872012
0
15749.922852
-820.812256
-14267.27832
0.143739
-5.57077
-4.872012
0
15823.527344
-827.086121
-14274.483398
0.143739
-5.57077
-4.872012
0
15904.249023
-833.966675
-14282.384766
0.143739
-5.57077
-4.872012
0
15981.205078
-840.526245
-14289.917969
0.143739
-5.57077
-4.872012
0
16067.46875
-847.879211
-14298.362305
0.143739
-5.57077
-4.872012
0
16142.579102
-854.281433
-14305.714844
0.143739
-5.57077
-4.872012
0
16223.114258
-861.146118
-14313.598633
0.143739
-5.57077
-4.872012
0
16308.722656
-868.443176
-14321.978516
0.143739
-5.57077
-4.872012
0
16383.830078
-874.845154
-14329.331055
0.143739
-5.57077
-4.872012
0
16458.023438
-881.168884
-14336.417969
0.143706
-5.436796
-4.871675
0
16533.685547
-887.617126
-14343.415039
0.143666
-5.264341
-4.871249
0
16615.640625
-894.601013
-14350.739258
0.143626
-5.088531
-4.870821
0
16692.572266
-901.156311
-14357.335938
0.143581
-4.883359
-4.870302
0
16770.919922
-907.831604
-14363.807617
0.143543
-4.704682
-4.869845
0
16846.349609
-914.257813
-14369.899414
0.143522
-4.600494
-4.86957
0
16920.59375
-920.582764
-14375.791016
0.143506
-4.520595
-4.869356
0
16996.378906
-927.038818
-14381.699219
0.143491
-4.441952
-4.869174
0
17074.066406
-933.656555
-14387.646484
0.143475
-4.36169
-4.86896
0
17149.542969
-940.085754
-14393.314453
0.14346
-4.279421
-4.868746
0
17225.775391
-946.579346
-14399.039063
0.14346
-4.279421
-4.868746
0
17303.300781
-953.183044
-14404.861328
0.14346
-4.279421
-4.868746
0
17378.072266
-959.552185
-14410.476563
0.14346
-4.279421
-4.868746
0
17452.753906
-965.913635
-14416.084961
0.14346
-4.279421
-4.868746
0
17527.189453
-972.25415
-14421.674805
0.14346
-4.279421
-4.868746
0
17605.138672
-978.893982
-14427.529297
0.14346
-4.279421
-4.868746
0
17683.638672
-985.580627
-14433.424805
0.14346
-4.279421
-4.868746
0
17757.166016
-991.843689
-14438.946289
0.14346
-4.279421
-4.868746
0
17834.460938
-998.427734
-14444.750977
0.14346
-4.279421
-4.868746
0
17909.929688
-1004.85614
-14450.418945
0.14346
-4.279421
-4.868746
0
17986.990234
-1011.420227
-14456.206055
0.14346
-4.279421
-4.868746
0
18061.818359
-1017.794067
-14461.825195
0.14346
-4.279421
-4.868746
0
18138.703125
-1024.34314
-14467.599609
0.14346
-4.279421
-4.868746
0
18217.294922
-1031.03772
-14473.501953
0.14346
-4.279421
-4.868746
0
18291.246094
-1037.336914
-14479.055664
0.14346
-4.279421
-4.868746
0
18363.611328
-1043.501099
-14484.490234
0.14346
-4.279421
-4.868746
0
18438.451172
-1049.875977
-14490.110352
0.14346
-4.279421
-4.868746
0
18517.822266
-1056.636841
-14496.071289
0.14346
-4.279421
-4.868746
0
18591.869141
-1062.944214
-14501.631836
0.14346
-4.279421
-4.868746
0
18666.871094
-1069.332886
-14507.264648
0.14346
-4.279421
-4.868746
0
18744.34375
-1075.932129
-14513.083008
0.14346
-4.279421
-4.868746
0
18824.988281
-1082.801392
-14519.139648
0.14346
-4.279421
-4.868746
0
18909.263672
-1089.97998
-14525.46875
0.14346
-4.279421
-4.868746
0
18984.900391
-1096.422852
-14531.149414
0.14346
-4.279421
-4.868746
0
19059.556641
-1102.782104
-14536.755859
0.14346
-4.279421
-4.868746
0
19132.693359
-1109.012085
-14542.248047
0.14346
-4.279421
-4.868746
0
19210.341797
-1115.626221
-14548.079102
0.14346
-4.279421
-4.868746
0
19285.056641
-1121.990479
-14553.69043
0.14346
-4.279421
-4.868746
0
19359.431641
-1128.325806
-14559.276367
0.14346
-4.279421
-4.868746
0
19441.273438
-1135.297241
-14565.422852
0.14346
-4.279421
-4.868746
0
19514.669922
-1141.549194
-14570.93457
0.14346
-4.279421
-4.868746
0
19593.970703
-1148.304199
-14576.889648
0.14346
-4.279421
-4.868746
0
19672.664063
-1155.007324
-14582.799805
0.14346
-4.279421
-4.868746
0
19748.947266
-1161.505127
-14588.52832
0.14346
-4.279421
-4.868746
0
19825.964844
-1168.065552
-14594.3125
0.14346
-4.279421
-4.868746
0
19914.294922
-1175.720337
-14600.946289
0.149743
-4.279195
-4.952974
0
19992.115234
-1182.694824
-14606.791992
0.162306
-4.278744
-5.121341
0
20072.365234
-1190.09668
-14612.821289
0.173376
-4.278314
-5.269716
0
20147.257813
-1197.120117
-14618.448242
0.179926
-4.278048
-5.357517
0
20224.363281
-1204.350952
-14624.241211
0.179926
-4.278048
-5.357517
0
20304.533203
-1211.869263
-14630.264648
0.179926
-4.278048
-5.357517
0
20382.132813
-1219.146606
-14636.094727
0.179926
-4.278048
-5.357517
0
20461.787109
-1226.616577
-14642.079102
0.179926
-4.278048
-5.357517
0
20535.720703
-1233.550049
-14647.633789
0.179926
-4.278048
-5.357517
0
20611.302734
-1240.638184
-14653.3125
0.179926
-4.278048
-5.357517
0
20687.263672
-1247.761719
-14659.019531
0.179926
-4.278048
-5.357517
0
20763.324219
-1254.894653
-14664.734375
0.179926
-4.278048
-5.357517
0
20841.65625
-1262.240601
-14670.620117
0.179926
-4.278048
-5.357517
0
20926.679688
-1270.214111
-14677.007813
0.179926
-4.278048
-5.357517
0
21002.457031
-1277.320557
-14682.701172
0.179926
-4.278048
-5.357517
0
21076.035156
-1284.220825
-14688.229492
0.179926
-4.278048
-5.357517
0
21151.007813
-1291.251831
-14693.862305
0.179926
-4.278048
-5.357517
0
21227.259766
-1298.40271
-14699.591797
0.179926
-4.278048
-5.357517
0
21306.759766
-1305.858276
-14705.56543
0.179926
-4.278048
-5.357517
0
21383.476563
-1313.052856
-14711.329102
0.179926
-4.278048
-5.357517
0
21458.917969
-1320.127686
-14716.99707
0.179926
-4.278048
-5.357517
0
21532.041016
-1326.985229
-14722.491211
0.179926
-4.278048
-5.357517
0
21615.417969
-1334.804199
-14728.755859
0.179926
-4.278048
-5.357517
0
21697.035156
-1342.458252
-14734.887695
0.179926
-4.278048
-5.357517
0
21779.78125
-1350.217163
-14740.785156
0.179876
-4.059052
-5.356814
0
21860.582031
-1357.792114
-14746.047852
0.179802
-3.710295
-5.355715
0
21936.259766
-1364.885254
-14750.475586
0.179729
-3.333494
-5.354525
0
22012.644531
-1372.043213
-14754.470703
0.179668
-2.980742
-5.353427
0
22092.935547
-1379.565674
-14758.206055
0.179617
-2.652251
-5.352389
0
22168.351563
-1386.631104
-14761.601563
0.179605
-2.566983
-5.352115
0
22248.052734
-1394.0979
-14765.19043
0.179605
-2.566983
-5.352115
0
22324.113281
-1401.223633
-14768.615234
0.179605
-2.566983
-5.352115
0
22402.013672
-1408.521729
-14772.123047
0.179605
-2.566983
-5.352115
0
22483.902344
-1416.193481
-14775.810547
0.179605
-2.566983
-5.352115
0
22564.15625
-1423.711914
-14779.423828
0.179605
-2.566983
-5.352115
0
22642.841797
-1431.083618
-14782.966797
0.179605
-2.566983
-5.352115
0
22719.851563
-1438.298218
-14786.43457
0.179605
-2.566983
-5.352115
0
22796.642578
-1445.49231
-14789.892578
0.179605
-2.566983
-5.352115
0
22876.173828
-1452.943115
-14793.473633
0.179605
-2.566983
-5.352115
0
22952.693359
-1460.111816
-14796.918945
0.179605
-2.566983
-5.352115
0
23029.583984
-1467.315186
-14800.380859
0.179605
-2.566983
-5.352115
0
23108.607422
-1474.718506
-14803.939453
0.179605
-2.566983
-5.352115
0
23183.105469
-1481.697876
-14807.293945
0.179605
-2.566983
-5.352115
0
23259.800781
-1488.883057
-14810.74707
0.179605
-2.566983
-5.352115
0
23338.230469
-1496.230713
-14814.27832
0.179605
-2.566983
-5.352115
0
23411.427734
-1503.088257
-14817.574219
0.179605
-2.566983
-5.352115
0
23492.216797
-1510.656982
-14821.211914
0.179605
-2.566983
-5.352115
0
23569.628906
-1517.909302
-14824.697266
0.179605
-2.566983
-5.352115
0
23646.414063
-1525.103027
-14828.155273
0.179605
-2.566983
-5.352115
0
23724.082031
-1532.379272
-14831.652344
0.179605
-2.566983
-5.352115
0
23803.136719
-1539.785522
-14835.211914
0.179605
-2.566983
-5.352115
0
23881.423828
-1547.119873
-14838.737305
0.179605
-2.566983
-5.352115
0
23960.839844
-1554.559814
-14842.313477
0.179605
-2.566983
-5.352115
0
24045.292969
-1562.47168
-14846.116211
0.179605
-2.566983
-5.352115
0
24122.285156
-1569.684692
-14849.583008
0.179605
-2.566983
-5.352115
0
24198.779297
-1576.850952
-14853.027344
0.179605
-2.566983
-5.352115
0
24275.765625
-1584.063354
-14856.494141
0.179605
-2.566983
-5.352115
0
24352.857422
-1591.285767
-14859.96582
0.179605
-2.566983
-5.352115
0
24428.552734
-1598.377319
-14863.374023
0.179605
-2.566983
-5.352115
0
24507.451172
-1605.768921
-14866.926758
0.179605
-2.566983
-5.352115
0
24584.884766
-1613.023193
-14870.413086
0.179605
-2.566983
-5.352115
0
24659.816406
-1620.043213
-14873.787109
0.179605
-2.566983
-5.352115
0
24740.994141
-1627.648315
-14877.442383
0.179605
-2.566983
-5.352115
0
24817.523438
-1634.816772
-14880.536133
0.17957
-2.304711
-5.351291
0
24892.841797
-1641.870728
-14883.209961
0.179537
-2.024017
-5.350406
0
24969.943359
-1649.090576
-14885.581055
0.179509
-1.753535
-5.349552
0
25046.587891
-1656.266357
-14887.585938
0.179486
-1.491693
-5.348727
0
25121.423828
-1663.272949
-14889.542969
0.179486
-1.491693
-5.348727
0
25200.314453
-1670.65918
-14891.606445
0.179486
-1.491693
-5.348727
0
25279.347656
-1678.058594
-14893.673828
0.179486
-1.491693
-5.348727
0
25354.851563
-1685.127563
-14895.648438
0.179486
-1.491693
-5.348727
0
25431.324219
-1692.287231
-14897.648438
0.179486
-1.491693
-5.348727
0
25511.625
-1699.80542
-14899.749023
0.179486
-1.491693
-5.348727
0
25589.578125
-1707.103882
-14901.788086
0.179486
-1.491693
-5.348727
0
25667.935547
-1714.440063
-14903.837891
0.179486
-1.491693
-5.348727
0
25750.107422
-1722.133423
-14905.987305
0.179486
-1.491693
-5.348727
0
25825.912109
-1729.230591
-14907.969727
0.179486
-1.491693
-5.348727
0
25901.757813
-1736.331543
-14909.953125
0.179486
-1.491693
-5.348727
0
25980.341797
-1743.688965
-14912.008789
0.179486
-1.491693
-5.348727
0
26056.228516
-1750.793945
-14913.993164
0.179486
-1.491693
-5.348727
0
26133.337891
-1758.013306
-14916.009766
0.179486
-1.491693
-5.348727
0
26209.623047
-1765.724609
-14918.004883
0.190504
-1.490327
-5.77216
0
26286.898438
-1774.466431
-14919.831055
0.20823
-1.344871
-6.454229
0
26365.798828
-1784.377563
-14921.473633
0.224774
-1.183105
-7.159798
0
26441.779297
-1794.596313
-14922.836914
0.23509
-1.018395
-7.659796
0
26518.599609
-1804.957031
-14924.214844
0.23547
-1.018306
-7.681222
0
26595.523438
-1815.331787
-14925.594727
0.23547
-1.018306
-7.681222
0
26675.466797
-1826.11377
-14927.02832
0.23547
-1.018306
-7.681222
0
26752.65625
-1836.524414
-14928.413086
0.23547
-1.018306
-7.681222
0
26827.570313
-1846.628174
-14929.756836
0.23547
-1.018306
-7.681222
0
26903.65625
-1856.889893
-14931.121094
0.23547
-1.018306
-7.681222
0
26979.691406
-1867.144775
-14932.484375
0.23547
-1.018306
-7.681222
0
27055.597656
-1877.382324
-14933.845703
0.23547
-1.018306
-7.681222
0
27131.720703
-1887.649048
-14935.210938
0.23547
-1.018306
-7.681222
0
27206.732422
-1897.766113
-14936.556641
0.23547
-1.018306
-7.681222
0
27284.845703
-1908.30127
-14937.958008
0.23547
-1.018306
-7.681222
0
27361.720703
-1918.669434
-14939.336914
0.23547
-1.018306
-7.681222
0
27437.431641
-1928.880737
-14940.695313
0.23547
-1.018306
-7.681222
0
27514.367188
-1939.257202
-14942.075195
0.23547
-1.018306
-7.681222
0
27594.150391
-1950.017822
-14943.505859
0.23547
-1.018306
-7.681222
0
27670.4375
-1960.306885
-14944.874023
0.23547
-1.018306
-7.681222
0
27747.394531
-1970.686157
-14946.253906
0.23547
-1.018306
-7.681222
0
27823.238281
-1980.915283
-14947.614258
0.23547
-1.018306
-7.681222
0
27903.058594
-1991.680664
-14949.039063
0.23547
-1.013183
-7.681221
0
27979.138672
-2001.940674
-14950.118164
0.235457
-0.80502
-7.680367
0
28053.025391
-2011.903687
-14950.907227
0.235447
-0.606596
-7.679573
0
28127.189453
-2021.903076
-14951.448242
0.23544
-0.413909
-7.678781
0
28204.714844
-2032.35498
-14951.850586
0.235436
-0.294948
-7.678292
0
28289.511719
-2043.787354
-14952.291016
0.235436
-0.294948
-7.678292
0
28370.197266
-2054.665527
-14952.709961
0.235436
-0.294948
-7.678292
0
28448.761719
-2065.257324
-14953.118164
0.235436
-0.294948
-7.678292
0
28525.814453
-2075.645508
-14953.518555
0.235436
-0.294948
-7.678292
0
28601.0625
-2085.790283
-14953.90918
0.235436
-0.294948
-7.678292
0
28677.529297
-2096.099365
-14954.306641
0.235436
-0.294948
-7.678292
0
28756.634766
-2106.76416
-14954.717773
0.235436
-0.294948
-7.678292
0
28833.755859
-2117.161621
-14955.118164
0.235436
-0.294948
-7.678292
0
28910.644531
-2127.527588
-14955.517578
0.235436
-0.294948
-7.678292
0
28984.5625
-2137.493164
-14955.901367
0.235436
-0.294948
-7.678292
0
29062.46875
-2147.996338
-14956.305664
0.235436
-0.294948
-7.678292
0
29147.613281
-2159.475586
-14956.748047
0.235436
-0.294948
-7.678292
0
29225.544922
-2169.982422
-14957.15332
0.235436
-0.294948
-7.678292
0
29300.083984
-2180.031738
-14957.540039
0.235436
-0.294948
-7.678292
0
29380.802734
-2190.913086
-14957.692383
0.235434
-0.10733
-7.677529
0
29455.03125
-2200.916016
-14956.993164
0.235444
0.535193
-7.674905
0
29533.050781
-2211.42627
-14955.40332
0.235482
1.157218
-7.672371
0
29609.328125
-2221.698242
-14952.969727
0.235551
1.811113
-7.669688
0
29686.474609
-2232.08374
-14949.691406
0.235642
2.411664
-7.667215
0
29763.001953
-2242.38501
-14946.186523
0.235676
2.599058
-7.666451
0
29839.130859
-2252.632568
-14942.699219
0.235676
2.599058
-7.666451
0
29914.332031
-2262.755371
-14939.254883
0.235676
2.599058
-7.666451
0
29991.759766
-2273.177979
-14935.708008
0.235676
2.599058
-7.666451
0
30069.958984
-2283.704346
-14932.125977
0.235676
2.599058
-7.666451
0
30146.441406
-2293.999512
-14928.623047
0.235676
2.599058
-7.666451
0
30224.238281
-2304.47168
-14925.05957
0.235676
2.599058
-7.666451
0
30299.15625
-2314.556396
-14921.62793
0.235676
2.599058
-7.666451
0
30374.201172
-2324.658203
-14918.19043
0.235676
2.599058
-7.666451
0
30450.210938
-2334.889648
-14914.708984
0.235676
2.599058
-7.666451
0
30534.015625
-2346.17041
-14910.870117
0.235676
2.599058
-7.666451
0
30610.822266
-2356.509277
-14907.352539
0.235676
2.599058
-7.666451
0
30689.439453
-2367.091797
-14903.751953
0.235676
2.599058
-7.666451
0
30764.810547
-2377.237305
-14900.299805
0.235676
2.599058
-7.666451
0
30839.882813
-2387.342773
-14896.861328
0.235676
2.599058
-7.666451
0
30919.304688
-2398.033691
-14893.223633
0.235676
2.599058
-7.666451
0
30998.910156
-2408.749268
-14889.577148
0.235676
2.599058
-7.666451
0
31074.644531
-2418.943848
-14886.108398
0.235676
2.599058
-7.666451
0
31147.707031
-2428.778809
-14882.761719
0.235676
2.599058
-7.666451
0
31223.621094
-2438.997559
-14879.28418
0.235676
2.599058
-7.666451
0
31301.855469
-2449.269043
-14875.703125
0.244148
2.598272
-7.479591
0
31379.503906
-2458.680664
-14872.157227
0.269913
2.595724
-6.910955
0
31457.771484
-2467.299316
-14868.591797
0.29829
2.592617
-6.284001
0
31533.449219
-2474.790039
-14865.15332
0.32682
2.589181
-5.652866
0
31613.158203
-2481.824463
-14861.540039
0.354337
2.585547
-5.043338
0
31690.263672
-2488.120605
-14858.049805
0.371253
2.583177
-4.668185
0
31767.763672
-2494.419189
-14854.541992
0.372233
2.583041
-4.646425
0
31851.648438
-2501.236816
-14850.745117
0.372233
2.583041
-4.646425
0
31927.931641
-2507.436768
-14847.291992
0.372233
2.583041
-4.646425
0
32004.371094
-2513.64917
-14843.832031
0.372233
2.583041
-4.646425
0
32083.169922
-2520.053467
-14840.265625
0.372233
2.583041
-4.646425
0
32158.865234
-2526.205566
-14836.839844
0.372233
2.583041
-4.646425
0
32236.949219
-2532.551758
-14833.305664
0.372233
2.583041
-4.646425
0
32314.283203
-2538.836914
-14829.805664
0.372233
2.583041
-4.646425
0
32392.328125
-2545.179932
-14826.273438
0.372233
2.583041
-4.646425
0
32470.4375
-2551.528076
-14822.738281
0.372233
2.583041
-4.646425
0
32549.931641
-2557.98877
-14819.140625
0.372233
2.583041
-4.646425
0
32626.296875
-2564.195313
-14815.68457
0.372233
2.583041
-4.646425
0
32707.527344
-2570.797363
-14812.007813
0.372233
2.583041
-4.646425
0
32784.347656
-2577.040771
-14808.53125
0.372233
2.583041
-4.646425
0
32861.386719
-2583.387451
-14805.043945
0.369384
2.583444
-4.709628
0
32942.253906
-2590.653809
-14801.376953
0.350222
2.586114
-5.134524
0
33016.363281
-2598.105225
-14798.007813
0.322815
2.589673
-5.741519
0
33094.035156
-2606.677734
-14794.469727
0.297641
2.592685
-6.298344
0
33175.148438
-2615.933594
-14790.771484
0.288063
2.59375
-6.510045
0
33251.605469
-2624.658203
-14787.285156
0.288063
2.59375
-6.510045
0
33331.992188
-2633.831543
-14783.620117
0.288063
2.59375
-6.510045
0
33408.167969
-2642.523926
-14780.147461
0.288063
2.59375
-6.510045
0
33488.15625
-2651.651855
-14776.5
0.288063
2.59375
-6.510045
0
33566.222656
-2660.560059
-14772.94043
0.288063
2.59375
-6.510045
0
33638.789063
-2668.84082
-14769.631836
0.288063
2.59375
-6.510045
0
33716.9375
-2677.758789
-14766.068359
0.288063
2.59375
-6.510045
0
33796.300781
-2686.814941
-14762.450195
0.288063
2.59375
-6.510045
0
33874.117188
-2695.694824
-14758.902344
0.288063
2.59375
-6.510045
0
33951.8125
-2704.559326
-14755.03418
0.28812
2.83166
-6.508856
0
34032.019531
-2713.706055
-14750.208008
0.288282
3.421119
-6.505896
0
34106.601563
-2722.207275
-14744.880859
0.288491
4.059072
-6.502691
0
34183.300781
-2730.945801
-14738.598633
0.288719
4.652731
-6.4997
0
34262.6875
-2739.987549
-14731.492188
0.288904
5.082699
-6.497534
0
34340.292969
-2748.824951
-14724.299805
0.288985
5.261192
-6.496648
0
34421.179688
-2758.036133
-14716.802734
0.288985
5.261192
-6.496648
0
34512.550781
-2768.441162
-14708.334961
0.288985
5.261192
-6.496648
0
34588.644531
-2777.106445
-14701.282227
0.288985
5.261192
-6.496648
0
34666.867188
-2786.01416
-14694.032227
0.288985
5.261192
-6.496648
0
34743.964844
-2794.793945
-14686.886719
0.288985
5.261192
-6.496648
0
34820.296875
-2803.486572
-14679.8125
0.288985
5.261192
-6.496648
0
34895.128906
-2812.008057
-14672.876953
0.288985
5.261192
-6.496648
0
34975.441406
-2821.153809
-14665.433594
0.288985
5.261192
-6.496648
0
35055.207031
-2830.237061
-14658.041016
0.288985
5.261192
-6.496648
0
35129.117188
-2838.653564
-14651.191406
0.288985
5.261192
-6.496648
0
35206.835938
-2847.503906
-14643.988281
0.288985
5.261192
-6.496648
0
35283.703125
-2856.25708
-14636.864258
0.288985
5.261192
-6.496648
0
35369.886719
-2866.071045
-14628.876953
0.288985
5.261192
-6.496648
0
35450.363281
-2875.235596
-14621.417969
0.288985
5.261192
-6.496648
0
35525.011719
-2883.736084
-14614.5
0.288985
5.261192
-6.496648
0
35600.273438
-2892.306396
-14607.525391
0.288985
5.261192
-6.496648
0
35674.90625
-2900.80542
-14600.608398
0.288985
5.261192
-6.496648
0
35753.292969
-2909.730225
-14593.044922
0.289087
5.476507
-6.495551
0
35828.894531
-2918.334717
-14585.044922
0.289354
6.001974
-6.492895
0
35903.039063
-2926.769775
-14576.530273
0.289635
6.509238
-6.490331
0
35980.617188
-2935.592041
-14566.933594
0.289933
7.007214
-6.487798
0
36056.210938
-2944.188477
-14557.575195
0.289936
7.012493
-6.487766
0
36135.632813
-2953.220459
-14547.743164
0.289936
7.012493
-6.487766
0
36208.738281
-2961.533691
-14538.693359
0.289936
7.012493
-6.487766
0
36294.6875
-2971.307617
-14528.052734
0.289936
7.012493
-6.487766
0
36376.296875
-2980.588379
-14517.949219
0.289936
7.012493
-6.487766
0
36451.84375
-2989.179443
-14508.59668
0.289936
7.012493
-6.487766
0
36528.992188
-2997.952637
-14499.045898
0.289936
7.012493
-6.487766
0
36600.734375
-3006.111328
-14490.164063
0.289936
7.012493
-6.487766
0
36683.300781
-3015.500732
-14479.942383
0.289936
7.012493
-6.487766
0
36758.371094
-3024.037598
-14470.648438
0.289936
7.012493
-6.487766
0
36834.007813
-3032.63916
-14461.28418
0.289936
7.012493
-6.487766
0
36911.8125
-3041.487061
-14451.652344
0.289936
7.012493
-6.487766
0
36987.914063
-3050.141357
-14442.231445
0.289936
7.012493
-6.487766
0
37064.449219
-3058.844727
-14432.756836
0.289936
7.012493
-6.487766
0
37142.195313
-3067.686035
-14423.131836
0.289936
7.012493
-6.487766
0
37220.828125
-3076.628174
-14413.397461
0.289936
7.012493
-6.487766
0
37297.910156
-3085.394043
-14403.854492
0.289936
7.012493
-6.487766
0
37376.757813
-3094.360352
-14394.09375
0.289936
7.012493
-6.487766
0
37453.210938
-3103.054688
-14384.628906
0.289936
7.012493
-6.487766
0
37529.265625
-3111.703369
-14375.213867
0.289936
7.012493
-6.487766
0
37610.414063
-3120.931641
-14365.167969
0.289936
7.012493
-6.487766
0
37686.800781
-3129.618164
-14355.711914
0.289936
7.012493
-6.487766
0
37763.238281
-3138.310547
-14346.249023
0.289936
7.012493
-6.487766
0
37840.964844
-3147.149658
-14336.626953
0.289936
7.012493
-6.487766
0
37915.386719
-3155.613037
-14327.413086
0.289936
7.012493
-6.487766
0
37994.054688
-3164.559326
-14317.673828
0.289936
7.012493
-6.487766
0
38071.964844
-3173.419189
-14308.02832
0.289936
7.012493
-6.487766
0
38149.585938
-3182.246094
-14298.418945
0.289936
7.012493
-6.487766
0
38226.632813
-3191.007813
-14288.880859
0.289936
7.012493
-6.487766
0
38304.023438
-3199.808838
-14279.299805
0.289936
7.012493
-6.487766
0
38381.9375
-3208.669189
-14269.654297
0.289936
7.012493
-6.487766
0
38465.367188
-3218.156738
-14259.326172
0.289936
7.012493
-6.487766
0
38544.601563
-3227.16748
-14249.516602
0.289936
7.012493
-6.487766
0
38624.152344
-3236.214111
-14239.667969
0.289936
7.012493
-6.487766
0
38702.980469
-3245.178467
-14229.90918
0.289936
7.012493
-6.487766
0
38778.597656
-3253.777832
-14220.547852
0.289936
7.012493
-6.487766
0
38856.707031
-3262.6604
-14210.87793
0.289936
7.012493
-6.487766
0
38940.203125
-3272.155273
-14200.541016
0.289936
7.012493
-6.487766
0
39016.933594
-3280.880859
-14191.041992
0.289936
7.012493
-6.487766
0
39096.398438
-3289.917725
-14181.204102
0.289936
7.012493
-6.487766
0
39169.8125
-3298.266602
-14172.115234
0.289936
7.012493
-6.487766
0
39236.292969
-3305.82666
-14163.884766
0.289936
7.012493
-6.487766
0
39282.144531
-3311.040771
-14158.208984
0.289936
7.012493
-6.487766
0
39319.902344
-3315.334717
-14153.53418
0.289936
7.012493
-6.487766
0
39353.789063
-3319.188477
-14149.338867
0.289936
7.012493
-6.487766
0
39385.558594
-3322.801514
-14145.405273
0.289936
7.012493
-6.487766
0
39412.566406
-3325.873047
-14142.061523
0.289936
7.012493
-6.487766
0
39430.664063
-3327.930908
-14139.821289
0.289936
7.012493
-6.487766
0
39440.273438
-3329.023682
-14138.631836
0.289936
7.012493
-6.487766
0
39451.636719
-3330.316162
-14137.224609
0.289936
7.012493
-6.487766
0
39487.921875
-3334.442627
-14132.732422
0.289936
7.012493
-6.487766
0
39551.511719
-3341.673828
-14124.860352
0.289936
7.012493
-6.487766
0
39620.421875
-3349.510498
-14116.329102
0.289936
7.012493
-6.487766
0
39696.996094
-3358.218262
-14106.849609
0.289936
7.012493
-6.487766
0
39772.828125
-3366.841553
-14097.461914
0.289936
7.012493
-6.487766
0
39848.167969
-3375.408936
-14088.134766
0.289936
7.012493
-6.487766
0
39932.90625
-3385.04541
-14077.644531
0.289936
7.012493
-6.487766
0
40012.085938
-3394.049561
-14067.841797
0.289936
7.012493
-6.487766
0
40089.601563
-3402.864502
-14058.245117
0.289936
7.012493
-6.487766
0
40171.984375
-3412.23291
-14048.045898
0.289936
7.012493
-6.487766
0
40245.054688
-3420.542236
-14039.0
0.289936
7.012493
-6.487766
0
40285.589844
-3425.151611
-14033.982422
0.289936
7.012493
-6.487766
0
40295.988281
-3426.333984
-14032.695313
0.289936
7.012493
-6.487766
