0
35623.148438
1809.521606
4092.28833
0.000008
26.146578
61.533676
0
35648.820313
1856.869995
4118.728516
0.000008
26.146578
61.533676
0
35674.492188
1904.218384
4145.168457
0.000008
26.146578
61.533676
0
35700.164063
1951.566772
4171.608398
0.000008
26.146578
61.533676
0
35725.835938
1998.915161
4198.04834
0.000008
26.146578
61.533676
0
35751.507813
2046.26355
4224.488281
0.000008
26.146578
61.533676
0
35777.179688
2093.611816
4250.928223
0.000008
26.146578
61.533676
0
35802.851563
2140.960205
4277.368164
0.000008
26.146578
61.533676
0
35828.523438
2188.308594
4303.808105
0.000008
26.146578
61.533676
0
35854.195313
2235.656982
4330.248047
0.000008
26.146578
61.533676
0
35879.867188
2283.005371
4356.687988
0.000008
26.146578
61.533676
0
35905.539063
2330.35376
4383.12793
0.000008
26.146578
61.533676
0
35931.210938
2377.702148
4409.567871
0.000008
26.146578
61.533676
0
35956.882813
2425.050537
4436.007813
0.000008
26.146578
61.533676
0
35982.554688
2472.398926
4462.447754
0.000008
26.146578
61.533676
0
36008.226563
2519.747314
4488.887695
0.000008
26.146578
61.533676
0
36033.898438
2567.095703
4515.327637
0.000008
26.146578
61.533676
0
36059.570313
2614.444092
4541.767578
0.000008
26.146578
61.533676
0
36085.242188
2661.79248
4568.20752
0.000008
26.146578
61.533676
0
36110.914063
2709.140869
4594.647461
0.000008
26.146578
61.533676
0
36136.585938
2756.489258
4621.087402
0.000008
26.146578
61.533676
0
36162.257813
2803.837646
4647.527344
0.000008
26.146578
61.533676
0
36187.929688
2851.186035
4673.967285
0.000008
26.146578
61.533676
0
36213.601563
2898.534424
4700.407227
0.000008
26.146578
61.533676
0
36239.273438
2945.882813
4726.847168
0.000008
26.146578
61.533676
0
36264.945313
2993.231201
4753.287109
0.000008
26.146578
61.533676
0
36290.617188
3040.57959
4779.727051
0.000008
26.146578
61.533676
0
36316.289063
3087.927979
4806.166992
0.000008
26.146578
61.533676
0
36341.960938
3135.276367
4832.606934
0.000008
26.146578
61.533676
0
36367.632813
3182.624756
4859.046875
0.000008
26.146578
61.533676
0
36393.304688
3229.973145
4885.486816
0.000008
26.146578
61.533676
0
36418.976563
3277.321533
4911.926758
0.000008
26.146578
61.533676
0
36444.648438
3324.669922
4938.366699
0.000008
26.146578
61.533676
0
36470.320313
3372.018311
4964.806641
0.000008
26.146578
61.533676
0
36495.992188
3419.366699
4991.246582
0.000008
26.146578
61.533676
0
36521.664063
3466.715088
5017.686523
0.000008
26.146578
61.533676
0
36547.335938
3514.063477
5044.126465
0.000008
26.146578
61.533676
0
36573.007813
3561.411865
5070.566406
0.000008
26.146578
61.533676
0
36598.679688
3608.760254
5097.006348
0.000008
26.146578
61.533676
0
36624.351563
3656.108643
5123.446289
0.000008
26.146578
61.533676
0
36650.023438
3703.457031
5149.88623
0.000008
26.146578
61.533676
0
36675.695313
3750.80542
5176.326172
0.000008
26.146578
61.533676
0
36701.367188
3798.153809
5202.766113
0.000008
26.146578
61.533676
0
36727.039063
3845.502197
5229.206055
0.000008
26.146578
61.533676
0
36752.710938
3892.850586
5255.645996
0.000008
26.146578
61.533676
0
36778.382813
3940.198975
5282.085938
0.000008
26.146578
61.533676
0
36804.054688
3987.547363
5308.525879
0.000008
26.146578
61.533676
0
36829.726563
4034.895752
5334.96582
0.000008
26.146578
61.533676
0
36855.398438
4082.244141
5361.405762
0.000008
26.146578
61.533676
0
36881.070313
4129.592285
5387.845703
0.000008
26.146578
61.533676
0
36906.742188
4176.94043
5414.285645
0.000008
26.146578
61.533676
0
36932.414063
4224.288574
5440.725586
0.000008
26.146578
61.533676
0
36958.085938
4271.636719
5467.165527
0.000008
26.146578
61.533676
0
36983.757813
4318.984863
5493.605469
0.000008
26.146578
61.533676
0
37009.429688
4366.333008
5520.04541
0.000008
26.146578
61.533676
0
37035.101563
4413.681152
5546.485352
0.000008
26.146578
61.533676
0
37060.773438
4461.029297
5572.925293
0.000008
26.146578
61.533676
0
37086.445313
4508.377441
5599.365234
0.000008
26.146578
61.533676
0
37112.117188
4555.725586
5625.805176
0.000008
26.146578
61.533676
0
37137.789063
4603.07373
5652.245117
0.000008
26.146578
61.533676
0
37163.460938
4650.421875
5678.685059
0.000008
26.146578
61.533676
0
37189.132813
4697.77002
5705.125
0.000008
26.146578
61.533676
0
37214.804688
4745.118164
5731.564941
0.000008
26.146578
61.533676
0
37240.476563
4792.466309
5758.004883
0.000008
26.146578
61.533676
0
37266.148438
4839.814453
5784.444824
0.000008
26.146578
61.533676
0
37291.820313
4887.162598
5810.884766
0.000008
26.146578
61.533676
0
37317.492188
4934.510742
5837.324707
0.000008
26.146578
61.533676
0
37343.164063
4981.858887
5863.764648
0.000008
26.146578
61.533676
0
37368.835938
5029.207031
5890.20459
0.000008
26.146578
61.533676
0
37394.507813
5076.555176
5916.644531
0.000008
26.146578
61.533676
0
37420.179688
5123.90332
5943.084473
0.000008
26.146578
61.533676
0
37445.851563
5171.251465
5969.524414
0.000008
26.146578
61.533676
0
37471.523438
5218.599609
5995.964355
0.000008
26.146578
61.533676
0
37497.195313
5265.947754
6022.404297
0.000008
26.146578
61.533676
0
37522.867188
5313.295898
6048.844238
0.000008
26.146578
61.533676
0
37548.539063
5360.644043
6075.28418
0.000008
26.146578
61.533676
0
37574.210938
5407.992188
6101.724121
0.000008
26.146578
61.533676
0
37599.882813
5455.340332
6128.164063
0.000008
26.146578
61.533676
0
37625.554688
5502.688477
6154.604004
0.000008
26.146578
61.533676
0
37651.226563
5550.036621
6181.043945
0.000008
26.146578
61.533676
0
37676.898438
5597.384766
6207.483887
0.000008
26.146578
61.533676
0
37702.570313
5644.73291
6233.923828
0.000008
26.146578
61.533676
0
37728.242188
5692.081055
6260.36377
0.000008
26.146578
61.533676
0
37753.914063
5739.429199
6286.803711
0.000008
26.146578
61.533676
0
37779.585938
5786.777344
6313.243652
0.000008
26.146578
61.533676
0
37805.257813
5834.125488
6339.683594
0.000008
26.146578
61.533676
0
37830.929688
5881.473633
6366.123535
0.000008
26.146578
61.533676
0
37856.601563
5928.821777
6392.563477
0.000008
26.146578
61.533676
0
37882.273438
5976.169922
6419.003418
0.000008
26.146578
61.533676
0
37907.945313
6023.518066
6445.443359
0.000008
26.146578
61.533676
0
37933.617188
6070.866211
6471.883301
0.000008
26.146578
61.533676
0
37959.289063
6118.214355
6498.323242
0.000008
26.146578
61.533676
0
37984.960938
6165.5625
6524.763184
0.000008
26.146578
61.533676
0
38010.632813
6212.910645
6551.203125
0.000008
26.146578
61.533676
0
38036.304688
6260.258789
6577.643066
0.000008
26.146578
61.533676
0
38061.976563
6307.606934
6604.083008
0.000008
26.146578
61.533676
0
38087.648438
6354.955078
6630.522949
0.000008
26.146578
61.533676
0
38113.320313
6402.303223
6656.962891
0.000008
26.146578
61.533676
0
38138.992188
6449.651367
6683.402832
0.000008
26.146578
61.533676
0
38164.664063
6496.999512
6709.842773
0.000008
26.146578
61.533676
0
38190.335938
6544.347656
6736.282715
0.000008
26.146578
61.533676
0
38216.007813
6591.695801
6762.722656
0.000008
26.146578
61.533676
0
38241.679688
6639.043945
6789.162598
0.000008
26.146578
61.533676
0
38267.351563
6686.39209
6815.602539
0.000008
26.146578
61.533676
0
38293.023438
6733.740234
6842.04248
0.000008
26.146578
61.533676
0
38318.695313
6781.088379
6868.482422
0.000008
26.146578
61.533676
0
38344.367188
6828.436523
6894.922363
0.000008
26.146578
61.533676
0
35427.136719
1497.529297
983.680664
0.000081
7.580157
-121.05555
0
35396.457031
1446.578369
991.595459
0.000081
7.580157
-121.05555
0
35365.777344
1395.627441
999.510254
0.000081
7.580157
-121.05555
0
35335.097656
1344.676514
1007.425049
0.000081
7.580157
-121.05555
0
35304.417969
1293.725586
1015.339844
0.000081
7.580157
-121.05555
0
35273.738281
1242.774658
1023.254639
0.000081
7.580157
-121.05555
0
35243.058594
1191.82373
1031.169434
0.000081
7.580157
-121.05555
0
35212.378906
1140.872803
1039.084229
0.000081
7.580157
-121.05555
0
35181.699219
1089.921875
1046.999023
0.000081
7.580157
-121.05555
0
35151.019531
1038.970947
1054.913818
0.000081
7.580157
-121.05555
0
35120.339844
988.020081
1062.828613
0.000081
7.580157
-121.05555
0
35089.660156
937.069214
1070.743408
0.000081
7.580157
-121.05555
0
35058.980469
886.118347
1078.658203
0.000081
7.580157
-121.05555
0
35028.300781
835.16748
1086.572998
0.000081
7.580157
-121.05555
0
34997.621094
784.216614
1094.487793
0.000081
7.580157
-121.05555
0
34966.941406
733.265747
1102.402588
0.000081
7.580157
-121.05555
0
34936.230469
682.333618
1110.317383
0.000082
7.580157
-121.090546
0
34905.457031
631.444702
1118.268555
0.000083
7.615155
-121.163368
0
34874.648438
580.575378
1126.219727
0.000083
7.615155
-121.199776
0
34843.746094
529.768982
1134.207153
0.000084
7.650153
-121.308975
0
34812.8125
478.982239
1142.19458
0.000085
7.650153
-121.345352
0
34781.785156
428.258698
1150.218384
0.000086
7.685151
-121.454536
0
34750.664063
377.603088
1158.317627
0.000086
7.757933
-121.563698
0
34719.421875
327.035522
1166.492432
0.000086
7.830709
-121.70929
0
34688.054688
276.55191
1174.704956
0.000086
7.867094
-121.854858
0
34656.5625
226.157043
1182.99292
0.000087
7.939862
-122.00042
0
34624.980469
175.826736
1191.318604
0.000087
7.976226
-122.109596
0
34593.273438
125.581299
1199.682007
0.000087
8.012604
-122.255135
0
34561.445313
75.427979
1208.139893
0.000086
8.103678
-122.400887
0
34529.523438
25.339996
1216.635498
0.000086
8.140089
-122.51017
0
34497.484375
-24.65292
1225.244385
0.000086
8.249358
-122.655861
0
34465.292969
-74.529861
1233.966553
0.000086
8.358622
-122.837967
0
34433.015625
-124.331284
1242.80188
0.000086
8.46787
-122.94722
0
34400.597656
-174.006104
1251.825684
0.000086
8.649949
-123.129333
0
34367.953125
-223.476501
1261.151001
0.000086
8.941271
-123.420662
0
34335.078125
-272.7453
1270.739868
0.000087
9.196159
-123.711983
0
34301.925781
-321.757965
1280.667358
0.000087
9.523851
-124.076103
0
34268.347656
-370.394073
1291.008179
0.000087
9.924353
-124.622231
0
34234.335938
-418.664337
1301.649292
0.000087
10.215606
-125.168343
0
34199.898438
-466.563721
1312.590454
0.000087
10.506845
-125.714417
0
34165.039063
-514.08728
1323.831299
0.000086
10.798071
-126.260483
0
34129.78125
-561.27002
1335.259399
0.000086
10.980082
-126.770081
0
34094.273438
-608.221252
1346.874512
0.000085
11.162079
-127.097687
0
34058.519531
-654.945129
1358.63916
0.000084
11.307665
-127.425232
0
34022.625
-701.543335
1370.478516
0.000085
11.380461
-127.607162
0
33986.511719
-747.934692
1382.467285
0.000084
11.526026
-127.898262
0
33950.15625
-794.088135
1394.643188
0.000084
11.708432
-128.226578
0
33913.617188
-840.055176
1406.968262
0.000084
11.853984
-128.481277
0
33876.851563
-885.76947
1419.554321
0.000084
12.108709
-128.808731
0
33839.824219
-931.211853
1432.36377
0.000084
12.327023
-129.172562
0
33802.550781
-976.367493
1445.470825
0.000084
12.618097
-129.536392
0
33764.960938
-1021.149292
1458.949463
0.000083
12.981915
-130.009354
0
33727.046875
-1065.569458
1472.706665
0.000082
13.255108
-130.482895
0
33688.851563
-1109.690186
1486.649414
0.000083
13.437228
-130.88356
0
33650.554688
-1153.699951
1500.666504
0.000083
13.510222
-131.029556
0
33612.109375
-1197.543091
1514.7948
0.000081
13.619472
-131.248123
0
33573.535156
-1241.250366
1528.997314
0.00008
13.692315
-131.430237
0
33534.863281
-1284.845825
1543.273926
0.00008
13.765146
-131.575943
0
33496.140625
-1328.385376
1557.587524
0.00008
13.801551
-131.648804
0
33457.285156
-1371.7948
1571.93811
0.00008
13.837962
-131.830917
0
33418.332031
-1415.091675
1586.362793
0.00008
13.910786
-131.976593
0
33379.28125
-1458.275757
1600.86145
0.00008
13.983603
-132.122253
0
33340.132813
-1501.34668
1615.434082
0.000079
14.056467
-132.268021
0
33300.8125
-1544.222534
1630.117676
0.000078
14.165682
-132.522903
0
33261.34375
-1586.934326
1644.875244
0.000078
14.238484
-132.741379
0
33221.683594
-1629.417358
1659.780518
0.000078
14.384084
-133.032608
0
33181.832031
-1671.670654
1674.833374
0.000078
14.529683
-133.323807
0
33141.6875
-1713.591187
1690.033813
0.000077
14.675268
-133.76059
0
33101.265625
-1755.162598
1705.455322
0.000076
14.89365
-134.197342
0
33060.535156
-1796.36377
1721.060913
0.000078
15.075627
-134.670456
0
33019.449219
-1837.139893
1736.850464
0.000077
15.257597
-135.2164
0
32978.011719
-1877.487549
1752.82373
0.000078
15.439553
-135.762299
0
32936.179688
-1917.35022
1768.980591
0.000078
15.621502
-136.380936
0
32893.976563
-1956.75769
1785.28418
0.000079
15.767047
-136.96312
0
32851.4375
-1995.726196
1801.770996
0.000079
15.948976
-137.508865
0
32808.535156
-2034.232422
1818.404419
0.000079
16.094521
-138.090988
0
32765.287109
-2072.285889
1835.184326
0.000079
16.240221
-138.655609
0
32721.71875
-2109.890137
1852.147217
0.000078
16.422348
-139.202011
0
32677.802734
-2147.02124
1869.25647
0.000078
16.568043
-139.784836
0
32633.583984
-2183.739258
1886.475342
0.000077
16.677299
-140.294769
0
32589.099609
-2220.099854
1903.768311
0.000075
16.751202
-140.73822
0
32544.363281
-2256.130859
1921.098999
0.000074
16.78883
-141.152359
0
32499.361328
-2291.812744
1938.466187
0.000073
16.825249
-141.589371
0
32454.181641
-2327.216064
1955.942871
0.000073
16.934483
-141.917145
0
32408.808594
-2362.353516
1973.456055
0.000072
16.970881
-142.244858
0
32363.222656
-2397.195313
1991.005615
0.000073
17.007286
-142.608994
0
32317.412109
-2431.704102
2008.628052
0.000073
17.080095
-143.009506
0
32271.335938
-2465.819824
2026.323364
0.000072
17.152906
-143.482819
0
32224.976563
-2499.51123
2044.091553
0.000072
17.225708
-143.992508
0
32178.396484
-2532.778809
2062.078125
0.000074
17.444124
-144.465698
0
32131.498047
-2565.558105
2080.137451
0.000073
17.516914
-145.048096
0
32084.359375
-2597.929443
2098.305664
0.000072
17.626095
-145.521255
0
32036.986328
-2629.934082
2116.510254
0.000072
17.662485
-145.957977
0
31989.429688
-2661.624512
2134.787354
0.000073
17.735262
-146.321884
0
31941.652344
-2692.937744
2153.137207
0.000073
17.808235
-146.75972
0
31893.666016
-2723.910156
2171.523438
0.000073
17.844606
-147.159973
0
31845.464844
-2754.502441
2189.982422
0.000073
17.917572
-147.597778
0
31797.070313
-2784.744629
2208.513916
0.000074
17.990349
-147.998001
0
31748.453125
-2814.592041
2227.099854
0.000075
18.044996
-148.453354
0
31699.835938
-2844.439453
2245.685791
0.000075
18.044996
-148.453354
0
31650.710938
-2873.332275
2264.445801
0.000076
18.21998
-149.538239
0
31601.326172
-2901.705811
2283.314453
0.000076
18.329269
-150.121109
0
31551.693359
-2929.595459
2302.255371
0.000075
18.402107
-150.667511
0
31501.792969
-2956.929688
2321.304932
0.000077
18.511375
-151.286758
0
31451.697266
-2983.876709
2340.390625
0.000076
18.547794
-151.723816
0
31401.390625
-3010.403076
2359.512451
0.000077
18.5842
-152.197281
0
31350.933594
-3036.560303
2378.742676
0.000077
18.693449
-152.597885
0
31300.322266
-3062.390625
2398.009033
0.000077
18.729866
-152.962112
0
31249.574219
-3087.925293
2417.311523
0.000076
18.766306
-153.290268
0
31198.71875
-3113.190674
2436.686279
0.000078
18.839128
-153.581604
0
31147.730469
-3138.15918
2456.097168
0.000077
18.875534
-153.909332
0
31096.630859
-3162.900635
2475.508057
0.000077
18.875526
-154.16423
0
31045.417969
-3187.376953
2494.953613
0.000079
18.910519
-154.455505
0
30994.123047
-3211.652588
2514.435059
0.000079
18.946922
-154.673965
0
30942.728516
-3235.656494
2533.98877
0.00008
19.019733
-154.965256
0
30891.253906
-3259.458984
2553.578369
0.00008
19.056124
-155.183716
0
30839.689453
-3283.065186
2573.167969
0.000079
19.056118
-155.402145
0
30788.015625
-3306.404053
2592.792236
0.00008
19.091122
-155.693344
0
30736.279297
-3329.573486
2612.452637
0.00008
19.127506
-155.875366
0
30684.478516
-3352.5354
2632.184814
0.00008
19.200296
-156.093781
0
30632.632813
-3375.398682
2651.916992
0.000081
19.200289
-156.202988
0
30580.726563
-3398.092285
2671.683838
0.000081
19.235287
-156.384979
0
30528.777344
-3420.686768
2691.450684
0.000081
19.235287
-156.494156
0
30476.767578
-3443.111572
2711.252197
0.000082
19.270264
-156.676117
0
30424.689453
-3465.330322
2731.107666
0.000081
19.324905
-156.89473
0
30372.539063
-3487.345215
2750.999023
0.000081
19.361317
-157.113327
0
30320.314453
-3509.118164
2770.962402
0.000081
19.434162
-157.368362
0
30268.001953
-3530.577393
2791.033691
0.000082
19.543438
-157.696198
0
30215.580078
-3551.770264
2811.10498
0.000083
19.543438
-157.98761
0
30163.0625
-3572.69165
2831.210693
0.000083
19.578436
-158.278992
0
30110.4375
-3593.307617
2851.352539
0.000083
19.614847
-158.606796
0
30057.720703
-3613.613037
2871.566162
0.000083
19.687677
-158.93457
0
30004.925781
-3633.678955
2891.815674
0.000084
19.724083
-159.189484
0
29952.029297
-3653.438232
2912.101074
0.000084
19.760481
-159.517212
0
29899.044922
-3672.923828
2932.422363
0.000084
19.796879
-159.808502
0
29845.986328
-3692.207275
2952.743652
0.000083
19.796886
-160.026993
0
29792.841797
-3711.178467
2973.133789
0.000083
19.866867
-160.354675
0
29739.601563
-3729.802979
2993.595703
0.000084
19.939692
-160.718765
0
29686.257813
-3748.084717
3014.093262
0.000084
19.976082
-161.082825
0
29632.822266
-3766.018799
3034.662598
0.000085
20.048893
-161.446884
0
29579.287109
-3783.608887
3055.267822
0.000085
20.085291
-161.810898
0
29525.642578
-3800.820313
3075.908691
0.000085
20.121708
-162.211487
0
29471.914063
-3817.720703
3096.585449
0.000085
20.158108
-162.539185
0
29418.134766
-3834.374268
3117.33374
0.000085
20.23089
-162.793976
0
29364.273438
-3850.716309
3138.117676
0.000084
20.267281
-163.121536
0
29310.353516
-3866.814209
3158.9375
0.000084
20.303734
-163.376892
0
29256.345703
-3882.565674
3179.792969
0.000084
20.340137
-163.740784
0
29202.267578
-3898.002441
3200.702148
0.000084
20.394766
-164.068634
0
29148.105469
-3913.091553
3221.646973
0.000084
20.431185
-164.432922
0
29093.841797
-3927.762207
3242.627686
0.000084
20.467726
-164.871368
0
29039.533203
-3942.111816
3263.715576
0.000083
20.576996
-165.199188
0
28985.152344
-3956.074707
3284.875
0.000083
20.649847
-165.599838
0
28930.666016
-3969.622314
3306.034424
0.000083
20.649847
-166.036911
0
28876.132813
-3982.814209
3327.296631
0.000084
20.754826
-166.401093
0
28821.529297
-3995.656006
3348.594482
0.000083
20.791239
-166.76532
0
28766.910156
-4008.245605
3369.999268
0.000084
20.900488
-167.020248
0
28712.232422
-4020.519531
3391.439697
0.000083
20.93692
-167.348038
0
28657.5
-4032.549561
3412.880127
0.000084
20.93692
-167.603638
0
28602.720703
-4044.29834
3434.354736
0.000083
20.971903
-167.894913
0
28547.880859
-4055.696045
3455.86499
0.000083
21.008301
-168.259003
0
28493.003906
-4066.774414
3477.446289
0.000083
21.081118
-168.586685
0
28438.078125
-4077.463867
3499.098877
0.000084
21.153929
-168.987183
0
28383.091797
-4087.766602
3520.786865
0.000084
21.190327
-169.38765
0
28328.056641
-4097.64502
3542.545898
0.000084
21.263128
-169.824524
0
28272.949219
-4107.030762
3564.340576
0.000084
21.29952
-170.334183
0
28217.785156
-4115.994141
3586.170654
0.000084
21.335926
-170.770996
0
28162.595703
-4124.530273
3608.107178
0.000084
21.445112
-171.207794
0
28107.357422
-4132.750488
3630.043701
0.000084
21.445112
-171.535416
0
28052.109375
-4140.721191
3652.048584
0.000084
21.515108
-171.790192
0
27996.832031
-4148.374023
3674.088867
0.000084
21.551485
-172.117737
0
27941.552734
-4155.8125
3696.199951
0.000084
21.624283
-172.336105
0
27886.238281
-4162.987305
3718.311035
0.000084
21.624275
-172.609344
0
27830.90625
-4169.914063
3740.456299
0.000084
21.659246
-172.864365
0
27775.558594
-4176.592773
3762.636963
0.000084
21.695671
-173.119354
0
27720.203125
-4183.094238
3784.853027
0.000084
21.732103
-173.301498
0
27664.84375
-4189.310547
3807.139893
0.000084
21.804955
-173.592911
0
27609.470703
-4195.279297
3829.462158
0.000084
21.841373
-173.847885
0
27554.068359
-4200.966309
3851.784424
0.000084
21.841366
-174.139267
0
27498.654297
-4206.405273
3874.140625
0.000084
21.876364
-174.394196
0
27443.224609
-4211.667969
3896.496826
0.000084
21.876356
-174.576294
0
27387.777344
-4216.754395
3918.853027
0.000084
21.876356
-174.758392
0
27332.318359
-4221.700195
3941.209229
0.000084
21.876356
-174.904053
0
27276.857422
-4226.468262
3963.599609
0.000084
21.911341
-175.086121
0
27221.410156
-4231.058105
3986.060547
0.000084
21.984179
-175.268173
0
27165.949219
-4235.47168
4008.521484
0.000084
21.984158
-175.450241
0
27110.476563
-4239.744141
4030.982422
0.000084
21.984144
-175.595871
0
27054.990234
-4243.838379
4053.443359
0.000084
21.984137
-175.779892
0
26999.486328
-4247.685059
4075.904297
0.000084
21.984131
-176.035522
0
26943.962891
-4251.249512
4098.365234
0.000084
21.984123
-176.326767
0
26888.421875
-4254.531738
4120.826172
0.000084
21.984123
-176.617996
0
26832.863281
-4257.496094
4143.287109
0.000084
21.984118
-176.945648
0
26777.287109
-4260.107422
4165.748047
0.000084
21.984104
-177.309647
0
26721.695313
-4262.365723
4188.208984
0.000084
21.984104
-177.673645
0
26666.089844
-4264.270996
4210.669922
0.000084
21.984097
-178.037643
0
26610.474609
-4265.822754
4233.130859
0.000084
21.984089
-178.401611
0
26554.851563
-4267.056641
4255.591797
0.000084
21.984089
-178.729172
0
26499.220703
-4267.937012
4278.052734
0.000084
21.984089
-179.093491
0
26443.585938
-4268.463379
4300.513672
0.000084
21.984089
-179.457794
0
26387.949219
-4268.67041
4322.974609
0.000084
21.984083
-179.786682
0
26332.3125
-4268.557617
4345.435547
0.000084
21.98407
179.883957
0
26276.677734
-4268.124023
4367.896484
0.000084
21.984062
179.553253
0
26221.046875
-4267.234375
4390.357422
0.000084
21.984062
179.083969
0
26165.423828
-4265.956055
4412.818359
0.000084
21.984049
178.68335
0
26109.810547
-4264.324219
4435.279297
0.000084
21.984041
178.319199
0
26054.208984
-4262.327148
4457.740234
0.000085
21.984041
177.942947
0
25998.619141
-4260.012207
4480.201172
0.000085
21.984041
177.61525
0
25943.042969
-4257.402344
4502.662109
0.000085
21.984041
177.311249
0
25887.478516
-4254.54541
4525.123047
0.000085
21.984041
177.056381
0
25831.939453
-4251.477051
4547.618164
0.000085
22.019047
176.837906
0
25776.425781
-4248.233398
4570.148438
0.000085
22.055431
176.655884
0
25720.921875
-4244.812988
4592.678711
0.000085
22.055424
176.473862
0
25665.443359
-4241.217285
4615.242676
0.000084
22.090416
176.291855
0
25609.976563
-4237.445313
4637.806641
0.000084
22.090408
176.109863
0
25554.568359
-4233.429688
4660.472656
0.000084
22.195389
175.854813
0
25499.189453
-4229.203613
4683.173828
0.000085
22.2318
175.6362
0
25443.849609
-4224.662109
4705.910645
0.000085
22.268219
175.308304
0
25388.568359
-4219.771484
4728.717773
0.000085
22.34107
174.94397
0
25333.332031
-4214.56543
4751.560059
0.000085
22.377556
174.615601
0
25278.140625
-4209.043945
4774.437988
0.000085
22.414057
174.287094
0
25222.978516
-4203.241211
4797.315918
0.000085
22.414057
173.994766
0
25167.863281
-4197.124512
4820.227539
0.000085
22.449028
173.666916
0
25112.8125
-4190.837402
4843.245117
0.000085
22.558304
173.484802
0
25057.8125
-4184.237305
4866.297852
0.000085
22.594715
173.157013
0
25002.869141
-4177.289551
4889.385742
0.000085
22.631142
172.792801
0
24948.005859
-4169.961426
4912.543945
0.000085
22.703985
172.392197
0
24893.244141
-4162.114746
4935.772461
0.000084
22.776815
171.845932
0
24838.574219
-4153.747559
4959.036133
0.000085
22.813301
171.298492
0
24784.003906
-4144.755371
4982.299805
0.000085
22.813309
170.643051
0
24729.539063
-4135.139648
5005.563477
0.000085
22.813309
169.987595
0
24675.208984
-4124.797852
5028.827148
0.000085
22.813301
169.222946
0
24621.035156
-4113.663086
5052.09082
0.000085
22.813301
168.385498
0
24567.0
-4101.875
5075.354492
0.000085
22.813301
167.69371
0
24513.097656
-4089.432373
5098.584473
0.000086
22.77829
167.001938
0
24459.289063
-4076.397949
5121.708984
0.000086
22.669062
166.382996
0
24405.558594
-4062.802734
5144.692871
0.000086
22.523443
165.800476
0
24351.839844
-4049.101318
5167.641113
0.000086
22.487038
165.691223
0
24298.121094
-4035.399902
5190.589355
0.000086
22.487038
165.691223
0
24244.402344
-4021.698486
5213.537598
0.000086
22.487038
165.691223
0
24190.683594
-4007.99707
5236.48584
0.000086
22.487038
165.691223
0
24136.964844
-3994.295654
5259.434082
0.000086
22.487038
165.691223
0
24083.246094
-3980.594238
5282.382324
0.000086
22.487038
165.691223
0
24029.527344
-3966.892822
5305.330566
0.000086
22.487038
165.691223
0
23975.808594
-3953.191406
5328.278809
0.000086
22.487038
165.691223
0
23922.089844
-3939.48999
5351.227051
0.000086
22.487038
165.691223
0
23868.371094
-3925.788574
5374.175293
0.000086
22.487038
165.691223
0
23814.652344
-3912.087158
5397.123535
0.000086
22.487038
165.691223
0
23760.933594
-3898.385742
5420.071777
0.000086
22.487038
165.691223
0
23707.214844
-3884.684326
5443.02002
0.000086
22.487038
165.691223
0
23653.496094
-3870.98291
5465.968262
0.000086
22.487038
165.691223
0
23599.777344
-3857.281494
5488.916504
0.000086
22.487038
165.691223
0
23546.058594
-3843.580078
5511.864746
0.000086
22.487038
165.691223
0
23492.339844
-3829.878662
5534.812988
0.000086
22.487038
165.691223
0
23438.621094
-3816.177246
5557.76123
0.000086
22.487038
165.691223
0
23384.902344
-3802.47583
5580.709473
0.000086
22.487038
165.691223
0
23331.183594
-3788.774414
5603.657715
0.000086
22.487038
165.691223
0
23277.464844
-3775.072998
5626.605957
0.000086
22.487038
165.691223
0
23223.746094
-3761.371582
5649.554199
0.000086
22.487038
165.691223
0
23170.027344
-3747.670166
5672.502441
0.000086
22.487038
165.691223
0
23116.308594
-3733.96875
5695.450684
0.000086
22.487038
165.691223
0
23062.589844
-3720.267334
5718.398926
0.000086
22.487038
165.691223
0
23008.871094
-3706.565918
5741.347168
0.000086
22.487038
165.691223
0
22955.152344
-3692.864502
5764.29541
0.000086
22.487038
165.691223
0
22901.433594
-3679.163086
5787.243652
0.000086
22.487038
165.691223
0
22847.71875
-3665.392578
5810.158203
0.000086
22.45204
165.62117
0
22794.003906
-3651.62207
5833.072754
0.000086
22.45204
165.62117
0
22740.292969
-3637.782471
5855.953613
0.000086
22.417042
165.551132
0
22686.570313
-3623.757568
5878.693359
0.000086
22.271442
165.369095
0
22632.845703
-3609.513184
5901.291992
0.000086
22.125837
165.150665
0
22579.111328
-3595.083496
5923.749023
0.000086
21.980244
164.968628
0
22525.357422
-3580.502197
5946.064941
0.000085
21.83466
164.822983
0
22471.591797
-3565.807373
5968.274414
0.000086
21.725464
164.71376
0
22417.794922
-3550.957275
5990.306641
0.000086
21.543482
164.568161
0
22363.966797
-3536.061768
6012.23291
0.000086
21.434299
164.531693
0
22310.095703
-3521.117188
6034.01709
0.000087
21.288736
164.495255
0
22256.177734
-3506.085693
6055.623535
0.000087
21.1068
164.422455
0
22202.228516
-3491.008789
6077.123047
0.000088
20.99762
164.386017
0
22148.224609
-3475.87915
6098.444824
0.000088
20.815676
164.349564
0
22094.171875
-3460.624756
6119.552734
0.000088
20.59737
164.240402
0
22040.076172
-3445.321533
6140.518066
0.000088
20.451832
164.203964
0
21985.9375
-3429.931396
6161.304688
0.000088
20.269917
164.131165
0
21931.777344
-3414.423584
6181.948242
0.000088
20.124386
164.021988
0
21877.564453
-3398.863281
6202.412598
0.000088
19.94224
163.985519
0
21823.310547
-3383.25415
6222.733887
0.000088
19.796736
163.949112
0
21769.027344
-3367.562012
6242.911621
0.000088
19.651232
163.876343
0
21714.6875
-3351.834717
6262.909668
0.000089
19.469179
163.858093
0
21660.322266
-3336.062256
6282.799316
0.000088
19.359726
163.821564
0
21605.873047
-3320.265381
6302.437012
0.000088
19.104858
163.821564
0
21551.361328
-3304.414307
6321.858398
0.000087
18.886415
163.78653
0
21496.779297
-3288.542725
6341.062988
0.000087
18.667356
163.786499
0
21442.134766
-3272.580566
6360.01416
0.000088
18.412474
163.716461
0
21387.421875
-3256.598145
6378.748535
0.000087
18.194025
163.716446
0
21332.650391
-3240.562256
6397.264648
0.000087
17.975069
163.681366
0
21277.820313
-3224.471924
6415.562988
0.000088
17.756613
163.644943
0
21222.945313
-3208.329102
6433.675293
0.000087
17.570299
163.60762
0
21168.044922
-3192.06543
6451.605957
0.000087
17.38826
163.498367
0
21113.101563
-3175.750732
6469.354492
0.000086
17.206244
163.461929
0
21058.125
-3159.388184
6486.95752
0.000087
17.060631
163.425522
0
21003.126953
-3143.019287
6504.487793
0.000087
16.987801
163.425522
0
20948.107422
-3126.644043
6521.944824
0.000087
16.915003
163.425522
0
20893.056641
-3110.259277
6539.29248
0.000087
16.805639
163.425476
0
20837.970703
-3093.864258
6556.521484
0.000087
16.687483
163.425446
0
20782.863281
-3077.389404
6573.604492
0.000087
16.541883
163.355392
0
20727.736328
-3060.870361
6590.577637
0.000087
16.432539
163.318893
0
20672.537109
-3044.32959
6607.294922
0.000087
16.177753
163.318878
0
20617.296875
-3027.73999
6623.829102
0.000087
15.995756
163.283844
0
20562.029297
-3011.026855
6640.143066
0.000086
15.777368
163.174637
0
20506.712891
-2994.298828
6656.273438
0.000086
15.59537
163.174606
0
20451.367188
-2977.451416
6672.182617
0.000085
15.376155
163.069382
0
20395.957031
-2960.507324
6687.760742
0.000085
15.048586
162.996552
0
20340.5
-2943.548828
6703.154785
0.000085
14.866596
162.996521
0
20284.980469
-2926.533691
6718.253906
0.000085
14.575418
162.961472
0
20229.396484
-2909.499023
6733.094727
0.000086
14.320631
162.961441
0
20173.740234
-2892.442627
6747.640137
0.000086
14.029453
162.961426
0
20118.023438
-2875.367432
6761.92627
0.000086
13.774681
162.961411
0
20062.246094
-2858.273682
6775.953125
0.000086
13.519908
162.961411
0
20006.410156
-2841.161377
6789.71582
0.000086
13.260436
162.961395
0
19950.533203
-2823.999756
6803.255859
0.000086
13.042054
162.926361
0
19894.607422
-2806.822998
6816.572754
0.000086
12.82368
162.926361
0
19838.652344
-2789.599609
6829.703613
0.000086
12.641266
162.891281
0
19782.679688
-2772.291748
6842.645508
0.000086
12.456714
162.817429
0
19726.677734
-2754.919434
6855.375488
0.000086
12.249268
162.765533
0
19670.640625
-2737.536377
6867.935059
0.000086
12.082884
162.765533
0
19614.574219
-2720.143799
6880.345703
0.000086
11.937333
162.765533
0
19558.486328
-2702.706543
6892.600098
0.000086
11.78489
162.729691
0
19502.380859
-2685.224365
6904.705078
0.000086
11.639338
162.693298
0
19446.251953
-2667.735107
6916.694336
0.000086
11.526681
162.693268
0
19390.087891
-2650.234619
6928.49707
0.000086
11.344746
162.693237
0
19333.910156
-2632.654297
6940.112793
0.000086
11.16283
162.623184
0
19277.732422
-2614.996094
6951.616699
0.000085
11.053684
162.5504
0
19221.546875
-2597.212646
6962.88623
0.000085
10.826088
162.436554
0
19165.357422
-2579.349121
6974.006348
0.000085
10.680564
162.363785
0
19109.167969
-2561.328125
6984.864258
0.000085
10.425921
162.218262
0
19052.980469
-2543.229492
6995.609863
0.000085
10.316789
162.145493
0
18996.796875
-2525.013428
7006.167969
0.000085
10.134914
162.036346
0
18940.597656
-2506.753418
7016.576172
0.000085
9.989417
161.999954
0
18884.396484
-2488.374268
7026.758789
0.000085
9.771186
161.890808
0
18828.183594
-2469.951416
7036.791504
0.000085
9.625614
161.854416
0
18771.951172
-2451.48291
7046.63623
0.000085
9.443753
161.818039
0
18715.701172
-2432.969238
7056.292969
0.000085
9.2619
161.781662
0
18659.453125
-2414.331299
7065.713379
0.000085
9.033212
161.667297
0
18603.189453
-2395.648193
7074.945801
0.000085
8.851392
161.63089
0
18546.921875
-2376.845215
7083.914551
0.000085
8.596851
161.521774
0
18490.646484
-2357.959961
7092.657227
0.000085
8.378688
161.449005
0
18434.388672
-2338.921143
7101.173828
0.000085
8.160232
161.303345
0
18378.136719
-2319.765137
7109.464355
0.000085
7.942075
161.194244
0
18321.892578
-2300.489502
7117.523926
0.000085
7.71963
161.082993
0
18265.646484
-2281.114014
7125.337891
0.000085
7.483087
160.991989
0
18209.376953
-2261.689941
7132.849609
0.000085
7.191963
160.955582
0
18153.113281
-2242.147949
7140.09668
0.000085
6.937238
160.846405
0
18096.835938
-2222.52124
7147.00293
0.000085
6.609745
160.773636
0
18040.554688
-2202.812988
7153.644043
0.000085
6.35504
160.700867
0
17984.255859
-2183.058105
7159.982422
0.000085
6.063964
160.664474
0
17927.943359
-2163.258301
7166.055664
0.000085
5.809287
160.628098
0
17871.644531
-2143.336182
7171.848633
0.000084
5.540628
160.512955
0
17815.337891
-2123.371094
7177.414063
0.000084
5.322363
160.476563
0
17759.041016
-2103.328613
7182.790039
0.000084
5.140407
160.403793
0
17702.75
-2083.208008
7187.937988
0.000084
4.922148
160.331039
0
17646.472656
-2063.011475
7192.934082
0.000084
4.776645
160.25827
0
17590.191406
-2042.772949
7197.702637
0.000084
4.5584
160.221893
0
17533.933594
-2022.422241
7202.28125
0.000084
4.376539
160.112762
0
17477.675781
-2002.031006
7206.669922
0.000084
4.194685
160.076385
0
17421.439453
-1981.526245
7210.792969
0.000084
3.94009
159.96727
0
17365.201172
-1960.980469
7214.687988
0.000084
3.721879
159.930893
0
17308.976563
-1940.352905
7218.338379
0.000084
3.488075
159.852966
0
17252.765625
-1919.649414
7221.760742
0.000084
3.269878
159.780243
0
17196.566406
-1898.868774
7224.878906
0.000084
2.978973
159.70752
0
17140.369141
-1878.048462
7227.768555
0.000084
2.760557
159.671097
0
17084.214844
-1857.080078
7230.427246
0.000084
2.539792
159.523926
0
17028.083984
-1836.018677
7232.819336
0.000084
2.285019
159.432938
0
16971.998047
-1814.811157
7234.982422
0.000084
2.065927
159.28688
0
16915.945313
-1793.493774
7236.916504
0.000084
1.846999
159.177429
0
16859.925781
-1772.066772
7238.583496
0.000084
1.592274
159.068268
0
16803.927734
-1750.565796
7239.945801
0.000084
1.301158
158.995499
0
16747.962891
-1728.955566
7240.927246
0.000084
0.9373
158.886337
0
16692.035156
-1707.236938
7241.527832
0.000084
0.573449
158.777191
0
16636.146484
-1685.410767
7241.670898
0.000084
0.136781
158.668015
0
16580.314453
-1663.442871
7241.356934
0.000084
-0.299804
158.522491
0
16524.53125
-1641.361328
7240.588867
0.000084
-0.733542
158.40419
0
16468.796875
-1619.176025
7239.401855
0.000084
-1.133702
158.295059
0
16413.111328
-1596.887939
7237.833984
0.000084
-1.497464
158.185959
0
16357.494141
-1574.462646
7235.885254
0.000084
-1.861206
158.040466
0
16301.915039
-1551.970825
7233.631836
0.000084
-2.152186
157.967743
0
16246.394531
-1529.369507
7231.049316
0.000084
-2.466893
157.849731
0
16190.914063
-1506.702393
7228.200684
0.000084
-2.721468
157.777008
0
16135.458008
-1484.004272
7225.123535
0.000084
-2.939659
157.740677
0
16080.043945
-1461.241333
7221.780273
0.000084
-3.19424
157.667953
0
16024.671875
-1438.412964
7218.208496
0.000084
-3.41269
157.595169
0
15969.358398
-1415.485596
7214.370605
0.000084
-3.667238
157.486115
0
15914.078125
-1392.530884
7210.229004
0.000084
-3.958128
157.449753
0
15858.849609
-1369.515503
7205.745605
0.000084
-4.285363
157.377029
0
15803.698242
-1346.367798
7200.996094
0.000084
-4.540129
157.231461
0
15748.614258
-1323.124756
7195.942871
0.000084
-4.831266
157.122284
0
15693.592773
-1299.784424
7190.661621
0.000084
-5.04962
157.013138
0
15638.641602
-1276.349854
7185.076172
0.000084
-5.341638
156.903641
0
15583.744141
-1252.855591
7179.225098
0.000084
-5.596377
156.830887
0
15528.930664
-1229.232422
7173.108398
0.000084
-5.851074
156.685333
0
15474.176758
-1205.552368
7166.688477
0.000084
-6.14215
156.61261
0
15419.483398
-1181.816162
7159.96582
0.000084
-6.433225
156.539856
0
15364.847656
-1158.022583
7152.978027
0.000084
-6.687902
156.467087
0
15310.260742
-1134.208862
7145.687988
0.000084
-6.978937
156.430725
0
15255.745117
-1110.302124
7138.169922
0.000084
-7.198152
156.321152
0
15201.329102
-1086.252075
7130.39502
0.000084
-7.44537
156.156357
0
15146.975586
-1062.147217
7122.355957
0.000084
-7.700006
156.083649
0
15092.696289
-1037.951538
7114.090332
0.000084
-7.918245
155.974548
0
15038.49707
-1013.667847
7105.560547
0.000084
-8.172847
155.865448
0
14984.369141
-989.333435
7096.729492
0.000084
-8.463834
155.79274
0
14930.302734
-964.944397
7087.672363
0.000083
-8.682065
155.720047
0
14876.31543
-940.466919
7078.389648
0.000084
-8.900269
155.610977
0
14822.402344
-915.940674
7068.805176
0.000084
-9.191774
155.538132
0
14768.539063
-891.395569
7058.995117
0.000084
-9.409971
155.501801
0
14714.729492
-866.792603
7049.035156
0.000085
-9.555428
155.429108
0
14660.964844
-842.168762
7038.887207
0.000085
-9.73724
155.392776
0
14607.242188
-817.52301
7028.570313
0.000085
-9.901028
155.356384
0
14553.568359
-792.817322
7018.141113
0.000085
-10.010222
155.2836
0
14499.928711
-768.085876
7007.599121
0.000085
-10.11941
155.247223
0
14446.316406
-743.32605
6996.981934
0.000085
-10.192199
155.210846
0
14392.738281
-718.54071
6986.252441
0.000085
-10.301359
155.174484
0
14339.185547
-693.766907
6975.373047
0.000085
-10.446924
155.1745
0
14285.645508
-668.998962
6964.418457
0.000085
-10.519707
155.174515
0
14232.124023
-644.239807
6953.351563
0.000085
-10.628874
155.17453
0
14178.615234
-619.486633
6942.209473
0.000085
-10.701813
155.174561
0
14125.125977
-594.742493
6930.955078
0.000085
-10.811301
155.174576
0
14071.643555
-570.001526
6919.661133
0.000085
-10.849544
155.174591
0
14018.168945
-545.263977
6908.325195
0.000085
-10.890654
155.174606
0
13964.701172
-520.529419
6896.95166
0.000084
-10.927032
155.174622
0
13911.24707
-495.801392
6885.498535
0.000084
-11.00452
155.174637
0
13857.792969
-471.073364
6874.04541
0.000084
-11.00452
155.174637
0
13804.351563
-446.351227
6862.520508
0.000084
-11.07453
155.174652
0
13750.916992
-421.632202
6850.958008
0.000084
-11.110928
155.174667
0
13697.509766
-396.925995
6839.241211
0.000084
-11.261199
155.174683
0
13644.108398
-372.261902
6827.412109
0.000085
-11.370543
155.209747
0
13590.696289
-347.675171
6815.470703
0.000085
-11.479703
155.282562
0
13537.28418
-323.08844
6803.529297
0.000085
-11.479703
155.282562
0
13483.898438
-298.513977
6791.444336
0.000085
-11.619688
155.282562
0
13430.504883
-273.975342
6779.322266
0.000085
-11.656066
155.317581
0
13377.111328
-249.436707
6767.200195
0.000085
-11.656066
155.317581
0
13323.730469
-224.904312
6755.006348
0.000085
-11.726068
155.317612
0
13270.349609
-200.371918
6742.8125
0.000085
-11.726068
155.317612
0
13216.975586
-175.842667
6730.58252
0.000085
-11.761107
155.317627
0
13163.613281
-151.318497
6718.294434
0.000085
-11.81805
155.317612
0
13110.260742
-126.798744
6705.955566
0.000085
-11.867249
155.317612
0
13056.922852
-102.286041
6693.537109
0.000085
-11.945311
155.317612
0
13003.594727
-77.777901
6681.066895
0.000084
-11.995663
155.317612
0
12950.274414
-53.273243
6668.557617
0.000085
-12.033932
155.317627
0
12896.962891
-28.772369
6656.005859
0.000084
-12.075228
155.317642
0
12843.666016
-4.27821
6643.379395
0.000085
-12.148222
155.317657
0
12790.375977
20.212601
6630.71582
0.000085
-12.184599
155.317642
0
12737.100586
44.696671
6617.977539
0.000085
-12.257381
155.317657
0
12683.873047
69.241409
6605.157715
0.000085
-12.33722
155.244385
0
12630.691406
93.846848
6592.263184
0.000085
-12.410003
155.171631
0
12577.579102
118.543304
6579.256836
0.000085
-12.51934
155.062286
0
12524.512695
143.300171
6566.17627
0.000085
-12.592095
154.989548
0
12471.515625
168.17955
6553.048828
0.000085
-12.637816
154.852402
0
12418.59668
193.186279
6539.847168
0.000085
-12.710565
154.706924
0
12365.725586
218.253403
6526.570801
0.000085
-12.783874
154.633636
0
12312.925781
243.45108
6513.257324
0.000086
-12.820251
154.488129
0
12260.198242
268.779938
6499.90625
0.000087
-12.856868
154.341675
0
12207.583008
294.302917
6486.480469
0.000087
-12.929957
154.122452
0
12155.116211
320.098022
6472.99707
0.000087
-12.986784
153.81929
0
12102.804688
346.188904
6459.476563
0.000087
-13.02319
153.491684
0
12050.665039
372.58194
6445.878906
0.000087
-13.098813
153.151352
0
11998.685547
399.268707
6432.244141
0.000087
-13.135225
152.823746
0
11946.856445
426.22821
6418.570313
0.000087
-13.173419
152.518082
0
11895.19043
453.479523
6404.859375
0.000087
-13.209804
152.190506
0
11843.654297
480.956207
6391.111328
0.000086
-13.246181
151.935745
0
11792.230469
508.624969
6377.326172
0.000087
-13.282558
151.717392
0
11740.899414
536.464722
6363.541016
0.000087
-13.282558
151.526672
0
11689.65625
564.467346
6349.755859
0.000086
-13.282558
151.344727
0
11638.452148
592.541016
6335.970703
0.000086
-13.282558
151.265274
0
11587.337891
620.7771
6322.185547
0.000086
-13.282558
151.083344
0
11536.294922
649.142944
6308.400391
0.000085
-13.282558
150.937805
0
11485.295898
677.569458
6294.57959
0.000085
-13.317556
150.865021
0
11434.390625
706.164063
6280.758789
0.000086
-13.317556
150.676041
0
11383.540039
734.855591
6266.937988
0.000086
-13.317564
150.566895
0
11332.735352
763.610718
6253.080566
0.000085
-13.353456
150.490402
0
11281.985352
792.462891
6239.223145
0.000085
-13.353456
150.380875
0
11231.253906
821.34729
6225.365723
0.000085
-13.353456
150.344482
0
11180.541016
850.264282
6211.508301
0.000084
-13.35345
150.307648
0
11129.865234
879.245728
6197.650879
0.000085
-13.35345
150.234818
0
11079.245117
908.324036
6183.793457
0.000085
-13.35345
150.125259
0
11028.662109
937.466675
6169.936035
0.000084
-13.353456
150.052444
0
10978.149414
966.697205
6156.007324
0.000084
-13.423431
149.943222
0
10927.737305
996.083557
6142.041504
0.000084
-13.459836
149.7612
0
10877.380859
1025.565918
6128.075684
0.000084
-13.459836
149.651993
0
10827.118164
1055.20813
6114.109863
0.000085
-13.459836
149.470001
0
10776.938477
1084.973633
6100.108398
0.000084
-13.494842
149.324371
0
10726.853516
1114.89856
6086.106934
0.000084
-13.494842
149.142151
0
10676.852539
1144.946289
6072.069824
0.000084
-13.529839
148.996521
0
10626.927734
1175.120972
6058.032715
0.000084
-13.529839
148.850861
0
10577.068359
1205.386353
6043.959961
0.000084
-13.564844
148.741653
0
10527.254883
1235.710449
6029.850098
0.000083
-13.601221
148.668839
0
10477.499023
1266.129395
6015.740234
0.000084
-13.601221
148.559631
0
10427.770508
1296.575439
6001.594727
0.000084
-13.636226
148.523209
0
10378.119141
1327.147705
5987.449219
0.000083
-13.636226
148.377655
0
10328.533203
1357.810059
5973.268066
0.000084
-13.671238
148.268433
0
10278.994141
1388.53064
5959.049805
0.000084
-13.707602
148.195618
0
10229.513672
1419.345581
5944.831543
0.000083
-13.707602
148.086441
0
10180.087891
1450.214111
5930.54248
0.000084
-13.777584
148.013626
0
10130.701172
1481.145508
5916.253418
0.000084
-13.777584
147.940765
0
10081.363281
1512.137573
5901.927734
0.000084
-13.813319
147.864822
0
10032.064453
1543.192383
5887.602051
0.000085
-13.813319
147.791977
0
9982.814453
1574.307251
5873.240234
0.000085
-13.848931
147.716537
0
9933.630859
1605.511108
5858.841309
0.000086
-13.885337
147.607285
0
9884.542969
1636.830078
5844.368652
0.000086
-13.958154
147.461624
0
9835.554688
1668.30481
5829.895996
0.000086
-13.958154
147.279587
0
9786.633789
1699.868042
5815.387695
0.000084
-13.993165
147.170319
0
9737.821289
1731.581543
5800.842285
0.000085
-14.029535
146.988251
0
9689.089844
1763.419312
5786.296875
0.000084
-14.029535
146.842331
0
9640.487305
1795.437744
5771.71582
0.000084
-14.064548
146.623901
0
9591.945313
1827.548828
5757.134766
0.000084
-14.06454
146.514679
0
9543.487305
1859.7854
5742.553711
0.000084
-14.064548
146.366364
0
9495.070313
1892.08374
5727.972656
0.000083
-14.064548
146.293335
0
9446.729492
1924.464355
5713.320801
0.000083
-14.134516
146.184128
0
9398.40918
1956.875732
5698.668945
0.000084
-14.134522
146.147644
0
9350.130859
1989.348511
5684.01709
0.000084
-14.134516
146.074844
0
9301.900391
2021.877563
5669.32959
0.000083
-14.16952
146.002014
0
9253.711914
2054.467773
5654.64209
0.000084
-14.16952
145.92923
0
9205.613281
2087.175293
5639.918945
0.000085
-14.204525
145.78363
0
9157.564453
2119.938721
5625.15918
0.000085
-14.240896
145.7108
0
9109.635742
2152.843994
5610.325195
0.000085
-14.313658
145.528854
0
9061.769531
2185.84082
5595.491211
0.000085
-14.313658
145.419342
0
9013.953125
2218.893311
5580.62207
0.000085
-14.348662
145.346558
0
8966.199219
2252.036865
5565.75293
0.000086
-14.348662
145.237427
0
8918.530273
2285.301514
5550.883789
0.000086
-14.348662
145.091904
0
8870.884766
2318.600098
5536.014648
0.000086
-14.348662
145.050995
0
8823.272461
2351.928955
5521.106934
0.000086
-14.386741
145.007858
0
8775.660156
2385.257813
5506.199219
0.000086
-14.386741
145.007858
0
8728.088867
2418.644775
5491.291504
0.000087
-14.386741
144.937866
0
8680.517578
2452.031738
5476.383789
0.000087
-14.386741
144.937866
0
8632.946289
2485.418701
5461.476074
0.000087
-14.386741
144.937866
0
8585.395508
2518.834717
5446.568359
0.000087
-14.386714
144.902832
0
8537.844727
2552.250732
5431.660645
0.000087
-14.386714
144.902832
0
8490.293945
2585.666748
5416.75293
0.000087
-14.386714
144.902832
0
8442.743164
2619.082764
5401.845215
0.000087
-14.386714
144.902832
0
8395.192383
2652.498779
5386.9375
0.000087
-14.386714
144.902832
0
8347.661133
2685.943848
5372.029785
0.000086
-14.386714
144.867844
0
8300.129883
2719.388916
5357.12207
0.000086
-14.386714
144.867844
0
8252.598633
2752.833984
5342.214355
0.000086
-14.386714
144.867844
0
8205.087891
2786.308105
5327.306641
0.000086
-14.386714
144.832825
0
8157.577637
2819.782227
5312.398926
0.000086
-14.386714
144.832825
0
8110.067383
2853.256348
5297.491211
0.000086
-14.386714
144.832825
0
8062.557129
2886.730469
5282.583496
0.000086
-14.386714
144.832825
0
8015.046875
2920.20459
5267.675781
0.000086
-14.386714
144.832825
0
7967.536621
2953.678711
5252.768066
0.000086
-14.386714
144.832825
0
7920.026367
2987.152832
5237.860352
0.000086
-14.386714
144.832825
0
7872.516113
3020.626953
5222.952637
0.000086
-14.386714
144.832825
0
7825.005859
3054.101074
5208.044922
0.000086
-14.386714
144.832825
0
7777.495605
3087.575195
5193.137207
0.000086
-14.386714
144.832825
0
7729.985352
3121.049316
5178.229492
0.000086
-14.386714
144.832825
0
7682.475098
3154.523438
5163.321777
0.000086
-14.386714
144.832825
0
7634.964844
3187.997559
5148.414063
0.000086
-14.386714
144.832825
0
7587.45459
3221.47168
5133.506348
0.000086
-14.386714
144.832825
0
7539.944336
3254.945801
5118.598633
0.000086
-14.386714
144.832825
0
7492.434082
3288.419922
5103.690918
0.000086
-14.386714
144.832825
0
7444.923828
3321.894043
5088.783203
0.000086
-14.386714
144.832825
0
7397.413574
3355.368164
5073.875488
0.000086
-14.386714
144.832825
0
7349.90332
3388.842285
5058.967773
0.000086
-14.386714
144.832825
0
7302.393066
3422.316406
5044.060059
0.000086
-14.386714
144.832825
0
7254.882813
3455.790527
5029.152344
0.000086
-14.386714
144.832825
0
7207.372559
3489.264648
5014.244629
0.000086
-14.386714
144.832825
0
7159.862305
3522.73877
4999.336914
0.000086
-14.386714
144.832825
0
7112.352051
3556.212891
4984.429199
0.000086
-14.386714
144.832825
0
7064.841797
3589.687012
4969.521484
0.000086
-14.386714
144.832825
0
7017.331543
3623.161133
4954.61377
0.000086
-14.386714
144.832825
0
6969.821289
3656.635254
4939.706055
0.000086
-14.386714
144.832825
0
6922.311035
3690.109375
4924.79834
0.000086
-14.386714
144.832825
0
6874.835938
3723.602051
4909.819336
0.000086
-14.456689
144.797806
0
6827.376465
3757.08374
4894.766602
0.000086
-14.529478
144.797821
0
6779.871582
3790.467285
4879.640137
0.000086
-14.602288
144.902817
0
6732.263184
3823.653076
4864.402832
0.000086
-14.711482
145.121216
0
6684.557617
3856.681641
4849.128906
0.000086
-14.747983
145.303604
0
6636.734375
3889.522461
4833.817871
0.000087
-14.784388
145.521957
0
6588.790039
3922.134033
4818.396484
0.000087
-14.893581
145.776703
0
6540.726563
3954.552246
4802.937012
0.000087
-14.930902
146.000717
0
6492.568848
3986.812256
4787.440918
0.000087
-14.967286
146.182632
0
6444.325684
4018.944092
4771.944824
0.000087
-14.967279
146.334885
0
6396.041504
4051.014648
4756.44873
0.000087
-14.967279
146.407669
0
6347.688477
4082.946289
4740.880371
0.000088
-15.038819
146.559723
0
6299.31543
4114.847168
4725.312012
0.000088
-15.038819
146.596115
0
6250.880371
4146.653809
4709.743652
0.000088
-15.038819
146.707535
0
6202.392578
4178.363281
4694.139648
0.00009
-15.073817
146.816635
0
6153.804688
4209.918457
4678.535645
0.000091
-15.07381
146.99852
0
6105.124512
4241.313965
4662.896484
0.00009
-15.108822
147.180511
0
6056.305664
4272.492676
4647.257324
0.00009
-15.108822
147.435181
0
6007.376465
4303.47998
4631.583008
0.000091
-15.143792
147.653397
0
5958.317383
4334.232422
4615.851074
0.000092
-15.200674
147.918793
0
5909.137695
4364.791016
4600.119141
0.000092
-15.200674
148.144577
0
5859.839355
4395.139648
4584.350098
0.000092
-15.237236
148.383041
0
5810.453125
4425.325195
4568.543945
0.000093
-15.273859
148.566071
0
5760.971191
4455.354004
4552.737793
0.000094
-15.273859
148.748062
0
5711.383789
4485.188965
4536.896484
0.000095
-15.308865
148.966415
0
5661.729004
4514.892578
4521.018555
0.000095
-15.345276
149.111954
0
5611.968262
4544.397949
4505.103027
0.000095
-15.382323
149.334244
0
5562.059082
4573.630371
4489.148926
0.000093
-15.42077
149.641922
0
5512.029297
4602.635742
4473.157715
0.000093
-15.457148
149.896683
0
5461.833984
4631.3125
4457.093262
0.000094
-15.529937
150.26062
0
5411.491699
4659.730469
4441.028809
0.000094
-15.529937
150.55542
0
5360.996582
4687.855469
4424.929199
0.000094
-15.564935
150.882919
0
5310.358887
4715.723633
4408.82959
0.000095
-15.564941
151.174011
0
5259.555176
4743.287598
4392.72998
0.000095
-15.564935
151.517609
0
5208.629395
4770.625488
4376.630371
0.000094
-15.564935
151.772293
0
5157.561035
4797.673828
4360.493652
0.000094
-15.601626
152.092331
0
5106.398926
4824.522461
4344.320313
0.000096
-15.637998
152.310608
0
5055.151855
4851.208496
4328.146973
0.000097
-15.637998
152.492676
0
5003.803223
4877.69873
4311.973633
0.000098
-15.637998
152.711136
0
4952.337402
4903.960449
4295.800293
0.000098
-15.637998
152.966171
0
4900.73877
4929.959961
4279.626953
0.000098
-15.637998
153.257416
0
4849.008301
4955.696777
4263.453613
0.000098
-15.637998
153.548676
0
4797.164063
4981.203613
4247.280273
0.000098
-15.637998
153.803497
0
4745.190918
5006.446289
4231.106934
0.000098
-15.637998
154.094742
0
4693.105957
5031.45752
4214.933594
0.000099
-15.637998
154.349884
0
4640.887695
5056.189453
4198.760254
0.000099
-15.637998
154.656326
0
4588.575684
5080.722168
4182.586914
0.0001
-15.637998
154.87471
0
4536.17041
5105.055664
4166.413574
0.000099
-15.637998
155.093109
0
4483.657715
5129.155762
4150.240234
0.000099
-15.637998
155.347885
0
4431.017578
5152.976563
4134.066895
0.000099
-15.637998
155.652374
0
4378.239258
5176.489746
4117.893555
0.0001
-15.637998
155.986755
0
4325.294922
5199.626465
4101.720215
0.0001
-15.637998
156.394623
0
4272.161133
5222.325195
4085.546631
0.000101
-15.63799
156.867661
0
4218.840332
5244.580078
4069.373047
0.000101
-15.637998
157.345444
0
4165.337402
5266.394043
4053.199463
0.000101
-15.637998
157.818527
0
4111.669922
5287.799805
4037.025879
0.000101
-15.637998
158.255112
0
4057.827393
5308.761719
4020.852295
0.000101
-15.637998
158.728104
0
4003.852295
5329.379395
4004.678711
0.000102
-15.637998
159.09375
0
3949.74707
5349.653809
3988.505127
0.000102
-15.637998
159.45784
0
3895.539307
5369.652344
3972.331543
0.000102
-15.637998
159.749863
0
3841.205566
5389.306152
3956.157959
0.000102
-15.637998
160.113907
0
3786.748047
5408.614258
3939.984375
0.000102
-15.637998
160.477966
0
3732.14502
5427.506348
3923.810791
0.000102
-15.637998
160.91478
0
3677.387695
5445.946777
3907.637207
0.000102
-15.637998
161.388
0
3622.47998
5463.93457
3891.463623
0.000102
-15.637998
161.861206
0
3567.414551
5481.433105
3875.290039
0.000102
-15.637998
162.370804
0
3512.206299
5498.476563
3859.116455
0.000102
-15.637998
162.843964
0
3456.841309
5515.003418
3842.942871
0.000103
-15.637998
163.379425
0
3401.362061
5531.143066
3826.769287
0.000103
-15.637998
163.779755
0
3345.739258
5546.780273
3810.595703
0.000103
-15.637998
164.297821
0
3290.018066
5562.062988
3794.422119
0.000103
-15.637998
164.662735
0
3234.182861
5576.924316
3778.248535
0.000102
-15.637998
165.095474
0
3178.236084
5591.359863
3762.074951
0.000102
-15.637998
165.53212
0
3122.180176
5605.365234
3745.901367
0.000102
-15.637998
165.972183
0
3066.019043
5618.942871
3729.727783
0.000102
-15.637998
166.408813
0
3009.746582
5632.05127
3713.554199
0.000103
-15.637998
166.886993
0
2953.384033
5644.766113
3697.380615
0.000103
-15.637998
167.287216
0
2896.909912
5656.976074
3681.207031
0.000103
-15.637998
167.800049
0
2840.3479
5668.772461
3665.033447
0.000103
-15.637998
168.219406
0
2783.696777
5680.133301
3648.859863
0.000103
-15.637998
168.6604
0
2726.960693
5691.061523
3632.686279
0.000103
-15.637998
169.09729
0
2670.142578
5701.555664
3616.512695
0.000103
-15.637998
169.535416
0
2613.252686
5711.652344
3600.339111
0.000103
-15.637998
169.935883
0
2556.298096
5721.37793
3584.165527
0.000103
-15.637998
170.309631
0
2499.282715
5730.741699
3567.991943
0.000103
-15.637998
170.67363
0
2442.20874
5739.740234
3551.818359
0.000103
-15.637998
171.040451
0
2385.078613
5748.375977
3535.644775
0.000103
-15.637998
171.40448
0
2327.894775
5756.648438
3519.471191
0.000103
-15.637998
171.768463
0
2270.659668
5764.557617
3503.297607
0.000103
-15.637998
172.132431
0
2213.375488
5772.103027
3487.124023
0.000103
-15.637998
172.496399
0
2156.044434
5779.28418
3470.950439
0.000103
-15.637998
172.860352
0
2098.666504
5786.081543
3454.776855
0.000103
-15.637998
173.243927
0
2041.246948
5792.516602
3438.603271
0.000103
-15.637998
173.605408
0
1983.785278
5798.563477
3422.429688
0.000103
-15.637998
173.992508
0
1926.293579
5804.318359
3406.256104
0.000103
-15.637998
174.2836
0
1868.766357
5809.707031
3390.08252
0.000103
-15.637998
174.648712
0
1811.209229
5814.766602
3373.908936
0.000103
-15.637998
174.976166
0
1753.621094
5819.460449
3357.735352
0.000103
-15.637998
175.340271
0
1696.001587
5823.751465
3341.561768
0.000103
-15.637998
175.740814
0
1638.355103
5827.662598
3325.388184
0.000103
-15.637998
176.118622
0
1580.687134
5831.244141
3309.2146
0.000103
-15.637998
176.446304
0
1522.999023
5834.483887
3293.041016
0.000103
-15.637998
176.785706
0
1465.292603
5837.379395
3276.867432
0.000103
-15.637998
177.127335
0
1407.573853
5840.018555
3260.693848
0.000103
-15.637998
177.382156
0
1349.843872
5842.399902
3244.520264
0.000103
-15.63799
177.637894
0
1292.103882
5844.524414
3228.34668
0.000103
-15.637998
177.892685
0
1234.356201
5846.428711
3212.173096
0.000103
-15.637998
178.111099
0
1176.599121
5848.020508
3195.999512
0.000103
-15.637998
178.421387
0
1118.831909
5849.187988
3179.825928
0.000103
-15.637998
178.84198
0
1061.05835
5849.985352
3163.652344
0.000103
-15.637998
179.209518
0
1003.279907
5850.241211
3147.47876
0.000103
-15.637998
179.746399
0
945.500977
5850.140625
3131.305176
0.000103
-15.637998
-179.900406
0
887.723267
5849.751465
3115.131592
0.000103
-15.637998
-179.613907
0
829.947815
5849.10791
3098.958008
0.000103
-15.637998
-179.361633
0
772.176147
5848.183594
3082.784424
0.000103
-15.637998
-179.083405
0
714.407898
5847.067383
3066.61084
0.000103
-15.637998
-178.893219
0
656.644592
5845.71875
3050.437256
0.000103
-15.637998
-178.662598
0
598.886841
5844.149902
3034.263672
0.000103
-15.637998
-178.444168
0
541.137817
5842.287598
3018.090088
0.000103
-15.637998
-178.152969
0
483.396301
5840.205078
3001.916504
0.000103
-15.637998
-177.93457
0
425.667633
5837.79248
2985.74292
0.000103
-15.637998
-177.606964
0
367.951965
5835.086426
2969.569336
0.000103
-15.637998
-177.315796
0
310.252716
5832.050781
2953.395752
0.000103
-15.637998
-176.98822
0
252.569641
5828.72168
2937.222168
0.000103
-15.637998
-176.697037
0
194.901947
5825.13623
2921.048584
0.000103
-15.637998
-176.442307
0
137.253204
5821.257813
2904.875
0.000103
-15.637998
-176.151138
0
79.622284
5817.123047
2888.701416
0.000103
-15.637998
-175.896393
0
22.007545
5812.768555
2872.527832
0.000103
-15.637998
-175.67804
0
-35.587265
5808.158203
2856.354248
0.000103
-15.637998
-175.423325
0
-93.164085
5803.328125
2840.180664
0.000103
-15.637998
-175.204926
0
-150.711884
5798.164063
2824.00708
0.000103
-15.637998
-174.872116
0
-208.229828
5792.677734
2807.833496
0.000103
-15.637998
-174.551193
0
-265.726471
5786.972168
2791.659912
0.000103
-15.637998
-174.332748
0
-323.19989
5781.037109
2775.486328
0.000103
-15.637998
-174.104172
0
-380.65802
5774.956055
2759.312744
0.000103
-15.637998
-173.958527
0
-438.095032
5768.678711
2743.13916
0.000103
-15.637998
-173.762665
0
-495.517212
5762.178223
2727.001221
0.000103
-15.602747
-173.541107
0
-552.922302
5755.52832
2710.863281
0.000103
-15.602747
-173.392212
0
-610.3255
5748.693848
2694.795898
0.000103
-15.532737
-173.210175
0
-667.706421
5741.585449
2678.767822
0.000103
-15.49386
-172.938171
0
-725.063843
5734.205078
2662.778809
0.000103
-15.455228
-172.667694
0
-782.418091
5726.479004
2646.942139
0.000103
-15.304186
-172.327789
0
-839.74707
5718.422363
2631.178955
0.000103
-15.23141
-172.000198
0
-897.053284
5709.99707
2615.526123
0.000103
-15.122215
-171.63623
0
-954.330688
5701.310059
2599.910889
0.000103
-15.085018
-171.375809
0
-1011.596924
5692.333496
2584.418945
0.000103
-14.963127
-171.0914
0
-1068.849854
5683.209961
2568.963867
0.000103
-14.926756
-170.945847
0
-1126.089111
5673.939453
2553.545654
0.000103
-14.890345
-170.800278
0
-1183.328125
5664.575684
2538.182861
0.000103
-14.835723
-170.709183
0
-1240.574341
5655.135742
2522.893555
0.000104
-14.762907
-170.636322
0
-1297.809448
5645.510742
2507.678223
0.000104
-14.69009
-170.454239
0
-1355.054565
5635.771973
2492.573486
0.000104
-14.580869
-170.344971
0
-1412.318481
5625.805176
2477.690186
0.000104
-14.362426
-170.126495
0
-1469.59021
5615.611816
2462.991699
0.000104
-14.180394
-169.908005
0
-1526.870728
5605.153809
2448.515137
0.000104
-13.961944
-169.653137
0
-1584.168213
5594.404297
2434.322021
0.000104
-13.683006
-169.374207
0
-1641.477051
5583.42627
2420.351318
0.000104
-13.464597
-169.155762
0
-1698.786865
5572.211426
2406.574219
0.000104
-13.274622
-168.927719
0
-1756.110718
5560.841797
2392.983154
0.000104
-13.092065
-168.781631
0
-1813.468018
5549.332031
2379.653564
0.000104
-12.835872
-168.653473
0
-1870.846558
5537.655762
2366.562744
0.000104
-12.602259
-168.497681
0
-1928.251221
5525.860352
2353.695068
0.000104
-12.383911
-168.388489
0
-1985.681152
5513.907715
2341.088135
0.000103
-12.129145
-168.242874
0
-2043.127197
5501.719727
2328.783691
0.000103
-11.833889
-168.021378
0
-2100.594727
5489.335938
2316.777832
0.000103
-11.542752
-167.839355
0
-2158.080566
5476.71875
2305.108154
0.000103
-11.215239
-167.620956
0
-2215.598389
5463.895508
2293.827148
0.000103
-10.837037
-167.431824
0
-2273.145508
5450.912109
2282.883301
0.000102
-10.509338
-167.286118
0
-2330.734619
5437.802734
2272.317383
0.000102
-10.142516
-167.17601
0
-2388.353027
5424.558594
2262.084229
0.000102
-9.819974
-167.055008
0
-2446.025146
5411.263672
2252.226807
0.000102
-9.455897
-167.01857
0
-2503.729492
5397.82959
2242.754639
0.000102
-9.083216
-166.894302
0
-2561.486328
5384.341309
2233.687744
0.000102
-8.691525
-166.855072
0
-2619.289551
5370.803711
2224.997803
0.000102
-8.32751
-166.818619
0
-2677.117676
5357.092285
2216.756348
0.000102
-7.894988
-166.661285
0
-2734.974854
5343.254395
2208.94165
0.000102
-7.48379
-166.549103
0
-2792.843994
5329.253418
2201.516846
0.000102
-7.108307
-166.39888
0
-2850.727051
5315.084473
2194.531494
0.000101
-6.68573
-166.245163
0
-2908.601563
5300.69873
2187.928467
0.000101
-6.318136
-166.040909
0
-2966.467041
5286.158691
2181.59082
0.000101
-6.063418
-165.895279
0
-3024.320313
5271.433105
2175.578125
0.000101
-5.751251
-165.719635
0
-3082.167236
5256.591797
2169.793213
0.000101
-5.532774
-165.610352
0
-3140.01001
5241.633789
2164.273926
0.000101
-5.277892
-165.501068
0
-3197.85376
5226.586426
2159.013672
0.000101
-5.029628
-165.418259
0
-3255.679443
5211.370605
2154.046143
0.000101
-4.748969
-165.257858
0
-3313.47998
5195.964355
2149.383545
0.000101
-4.456841
-165.075287
0
-3371.246338
5180.342773
2145.024658
0.000101
-4.166046
-164.867538
0
-3428.958252
5164.42041
2141.046143
0.000101
-3.802032
-164.576263
0
-3486.605713
5148.193848
2137.378174
0.000101
-3.504946
-164.279175
0
-3544.176758
5131.632813
2134.014404
0.000101
-3.21374
-163.951553
0
-3601.64624
5114.665527
2130.955322
0.000101
-2.922542
-163.551117
0
-3659.028564
5097.366699
2128.124512
0.000101
-2.704167
-163.223511
0
-3716.350586
5079.837891
2125.491699
0.000101
-2.514951
-162.996414
0
-3773.622803
5062.125
2123.01123
0.000101
-2.369352
-162.814377
0
-3830.852539
5044.253906
2120.694336
0.000101
-2.213043
-162.658035
0
-3888.050293
5026.265137
2118.499023
0.000101
-2.096827
-162.541794
0
-3945.206055
5008.124512
2116.461182
0.000101
-1.946249
-162.391174
0
-4002.318359
4989.831055
2114.582275
0.000101
-1.794427
-162.239319
0
-4059.356201
4971.285156
2112.922607
0.000101
-1.585171
-161.988144
0
-4116.338379
4952.557129
2111.415283
0.000101
-1.439537
-161.806061
0
-4173.209473
4933.476074
2110.154541
0.000101
-1.203978
-161.452667
0
-4230.010254
4914.176758
2109.046631
0.000101
-1.057983
-161.233658
0
-4286.67334
4894.467773
2108.111816
0.000101
-0.892822
-160.82074
0
-4343.224121
4874.43457
2107.29126
0.000101
-0.7836
-160.493134
0
-4399.682129
4854.138184
2106.550293
0.000101
-0.707519
-160.226822
0
-4456.056152
4833.608887
2105.850586
0.000101
-0.668095
-159.99028
0
-4512.370117
4812.911621
2105.240234
0.000101
-0.58295
-159.819977
0
-4568.636719
4792.084961
2104.675781
0.000101
-0.539032
-159.688202
0
-4624.874023
4771.178223
2104.132568
0.000101
-0.518705
-159.606934
0
-4681.054199
4750.118164
2103.630371
0.000101
-0.479677
-159.450729
0
-4737.180664
4728.913086
2103.244141
0.000101
-0.368803
-159.302917
0
-4793.249512
4707.555176
2102.898682
0.000101
-0.329864
-159.147125
0
-4849.213379
4685.921875
2102.679688
0.000101
-0.209168
-158.865494
0
-4905.092285
4664.069336
2102.499756
0.000101
-0.171752
-158.640991
0
-4960.886719
4642.001465
2102.396973
0.000101
-0.098109
-158.420074
0
-5016.592773
4619.711426
2102.373779
0.000101
-0.022062
-158.192001
0
-5072.234863
4597.262695
2102.393555
0.000101
0.018783
-158.028656
0
-5127.812988
4574.655762
2102.456055
0.000101
0.059641
-157.86525
0
-5183.315918
4551.865234
2102.558105
0.000101
0.09748
-157.676056
0
-5238.785645
4528.993652
2102.660156
0.000101
0.09748
-157.592377
0
-5294.196777
4505.981445
2102.835449
0.000101
0.167476
-157.446838
0
-5349.510742
4482.736816
2103.07959
0.000101
0.233046
-157.206436
0
-5404.75
4459.316895
2103.399902
0.000101
0.30587
-157.024368
0
-5459.877441
4435.634766
2103.760986
0.000101
0.344788
-156.751953
0
-5514.895996
4411.702148
2104.200195
0.000101
0.419319
-156.491135
0
-5569.817383
4387.549316
2104.719482
0.000101
0.49581
-156.261688
0
-5624.660645
4363.220703
2105.2771
0.000101
0.532591
-156.077774
0
-5679.366211
4338.583984
2105.834717
0.000101
0.532591
-155.755585
0
-5734.016113
4313.824219
2106.432373
0.000101
0.570655
-155.62645
0
-5788.648926
4289.027344
2107.030029
0.000101
0.570655
-155.587616
0
-5843.281738
4264.230469
2107.627686
0.000101
0.570655
-155.587616
0
-5897.914551
4239.433594
2108.225342
0.000101
0.570655
-155.587616
0
-5952.547363
4214.636719
2108.822998
0.000101
0.570655
-155.587616
0
-6007.180176
4189.839844
2109.420654
0.000101
0.570655
-155.587616
0
-6061.812988
4165.042969
2110.018311
0.000101
0.570655
-155.587616
0
-6116.430664
4140.212891
2110.615967
0.000101
0.570655
-155.552628
0
-6171.016113
4115.311523
2111.213623
0.000101
0.570655
-155.478119
0
-6225.584961
4090.373779
2111.811279
0.000101
0.570655
-155.439697
0
-6280.116211
4065.352539
2112.328613
0.000101
0.493939
-155.35231
0
-6334.647461
4040.331299
2112.845947
0.000101
0.493939
-155.35231
0
-6389.178711
4015.310059
2113.363281
0.000101
0.493939
-155.35231
0
-6443.679688
3990.222168
2113.880615
0.000101
0.493939
-155.282333
0
-6498.163086
3965.096191
2114.397949
0.000101
0.493939
-155.242325
0
-6552.629883
3939.934082
2114.877686
0.000101
0.458217
-155.204437
0
-6607.049805
3914.670166
2115.335205
0.000101
0.436818
-155.097504
0
-6661.414551
3889.286865
2115.748779
0.000101
0.394928
-154.971848
0
-6715.72998
3863.797119
2116.083984
0.000101
0.320165
-154.859726
0
-6769.97998
3838.168213
2116.419189
0.000101
0.320165
-154.712814
0
-6824.163574
3812.399658
2116.754395
0.000101
0.320165
-154.565353
0
-6878.314453
3786.562012
2117.052979
0.000101
0.285106
-154.49234
0
-6932.404297
3760.595947
2117.304199
0.000101
0.239794
-154.356445
0
-6986.475098
3734.590576
2117.55542
0.000101
0.239794
-154.31485
0
-7040.52832
3708.548584
2117.768555
0.000101
0.203642
-154.276047
0
-7094.581543
3682.506592
2117.981689
0.000101
0.203642
-154.276047
0
-7148.587402
3656.365479
2118.084961
0.000101
0.098648
-154.171097
0
-7202.574219
3630.18457
2118.12207
0.000101
0.03549
-154.129013
0
-7256.490723
3603.859619
2118.079102
0.000101
-0.041077
-153.975891
0
-7310.365234
3577.449219
2117.988525
0.000101
-0.086457
-153.885132
0
-7364.1875
3550.932617
2117.858398
0.000101
-0.124173
-153.771957
0
-7417.935059
3524.264404
2117.686035
0.000101
-0.16458
-153.610413
0
-7471.646973
3497.525635
2117.434814
0.000101
-0.239958
-153.535034
0
-7525.320801
3470.710693
2117.140869
0.000101
-0.280673
-153.453629
0
-7578.977539
3443.861816
2116.808838
0.000101
-0.317071
-153.417252
0
-7632.594238
3416.935059
2116.389404
0.000101
-0.400509
-153.333847
0
-7686.193359
3389.974609
2115.893799
0.000101
-0.473298
-153.297516
0
-7739.791992
3363.014404
2115.313721
0.000101
-0.554017
-153.297516
0
-7793.356445
3335.989014
2114.618652
0.000101
-0.663847
-153.227341
0
-7846.880859
3308.887695
2113.816162
0.000101
-0.766443
-153.145294
0
-7900.337891
3281.658203
2112.868896
0.000101
-0.904624
-153.007095
0
-7953.71875
3254.282715
2111.839111
0.000101
-0.983301
-152.849762
0
-8007.009766
3226.739014
2110.656982
0.000101
-1.128935
-152.66777
0
-8060.203125
3199.014648
2109.310303
0.000101
-1.286036
-152.471405
0
-8113.359375
3171.2229
2107.886963
0.000101
-1.359344
-152.398117
0
-8166.49707
3143.397461
2106.424805
0.000101
-1.396296
-152.36116
0
-8219.616211
3115.538574
2104.924561
0.000101
-1.432707
-152.324799
0
-8272.714844
3087.645264
2103.344482
0.000101
-1.509028
-152.286667
0
-8325.789063
3059.713379
2101.627441
0.000101
-1.639915
-152.243057
0
-8378.861328
3031.782471
2099.833008
0.000101
-1.713742
-152.243073
0
-8431.932617
3003.852295
2097.997314
0.000101
-1.753296
-152.243073
0
-8484.985352
2975.889648
2096.12207
0.000101
-1.791074
-152.207443
0
-8538.005859
2947.870361
2094.181641
0.000101
-1.853269
-152.145264
0
-8591.006836
2919.814453
2092.241211
0.000101
-1.853269
-152.105545
0
-8643.964844
2891.678467
2090.300781
0.000101
-1.853269
-152.018982
0
-8696.922852
2863.54248
2088.360352
0.000101
-1.853269
-152.018982
0
-8749.880859
2835.406494
2086.419922
0.000101
-1.853269
-152.018982
0
-8802.838867
2807.270508
2084.479492
0.000101
-1.853269
-152.018982
0
-8855.779297
2779.099854
2082.539063
0.000101
-1.853269
-151.9814
0
-8908.696289
2750.888672
2080.558105
0.000101
-1.891962
-151.936874
0
-8961.613281
2722.67749
2078.577148
0.000101
-1.891962
-151.936874
0
-9014.530273
2694.466309
2076.596191
0.000101
-1.891962
-151.936874
0
-9067.427734
2666.223145
2074.540283
0.000101
-1.963591
-151.901062
0
-9120.304688
2637.945068
2072.444092
0.000101
-2.002044
-151.862595
0
-9173.181641
2609.666992
2070.3479
0.000101
-2.002044
-151.862595
0
-9226.041016
2581.356689
2068.251709
0.000101
-2.002044
-151.827499
0
-9278.900391
2553.046387
2066.155518
0.000101
-2.002044
-151.827499
0
-9331.759766
2524.736084
2064.059326
0.000101
-2.002044
-151.827499
0
-9384.619141
2496.425781
2061.963135
0.000101
-2.002044
-151.827499
0
-9437.478516
2468.115479
2059.866943
0.000101
-2.002044
-151.827499
0
-9490.337891
2439.805176
2057.770752
0.000101
-2.002044
-151.827499
0
-9543.197266
2411.494873
2055.674561
0.000101
-2.002044
-151.827499
0
-9596.056641
2383.18457
2053.578369
0.000101
-2.002044
-151.827499
0
-9648.916016
2354.874268
2051.482178
0.000101
-2.002044
-151.827499
0
-9701.775391
2326.563965
2049.385986
0.000101
-2.002044
-151.827499
0
-9754.634766
2298.253662
2047.289917
0.000101
-2.002044
-151.827499
0
-9807.494141
2269.943359
2045.193848
0.000101
-2.002044
-151.827499
0
-9860.353516
2241.633057
2043.097778
0.000101
-2.002044
-151.827499
0
-9913.155273
2213.214111
2041.001709
0.000101
-2.002044
-151.709839
0
-9965.915039
2184.71167
2038.986816
0.000101
-1.924467
-151.620422
0
-10018.657227
2156.175049
2037.01001
0.000101
-1.888062
-151.584015
0
-10071.358398
2127.556885
2035.124146
0.000101
-1.801114
-151.497055
0
-10124.060547
2098.938232
2033.278198
0.000101
-1.762967
-151.497055
0
-10176.746094
2070.284668
2031.475708
0.000101
-1.72146
-151.459686
0
-10229.416016
2041.595581
2029.788452
0.000101
-1.611392
-151.422989
0
-10282.06543
2012.866089
2028.146606
0.000101
-1.567993
-151.379578
0
-10334.697266
1984.098145
2026.630859
0.000101
-1.447604
-151.339447
0
-10387.310547
1955.292114
2025.199707
0.000101
-1.366789
-151.299057
0
-10439.864258
1926.370117
2023.942017
0.000101
-1.201048
-151.174774
0
-10492.353516
1897.321533
2022.921143
0.000101
-0.974907
-151.039093
0
-10544.785156
1868.165039
2022.022583
0.000101
-0.85809
-150.922287
0
-10597.177734
1838.93396
2021.250732
0.000101
-0.737114
-150.841629
0
-10649.530273
1809.628174
2020.605957
0.000101
-0.615782
-150.760742
0
-10701.862305
1780.285889
2020.002686
0.000101
-0.576079
-150.721008
0
-10754.171875
1750.901855
2019.447021
0.000101
-0.530576
-150.675491
0
-10806.481445
1721.517822
2018.891357
0.000101
-0.530576
-150.675491
0
-10858.791016
1692.133789
2018.335693
0.000101
-0.530576
-150.675491
0
-10911.100586
1662.749756
2017.780029
0.000101
-0.530576
-150.675491
0
-10963.410156
1633.365723
2017.224365
0.000101
-0.530576
-150.675491
0
-11015.719727
1603.981689
2016.668701
0.000101
-0.530576
-150.675491
0
-11068.029297
1574.597656
2016.113037
0.000101
-0.530576
-150.675491
0
-11120.338867
1545.213623
2015.557373
0.000101
-0.530576
-150.675491
0
-11172.648438
1515.82959
2015.001709
0.000101
-0.530576
-150.675491
0
-11224.958008
1486.445557
2014.446045
0.000101
-0.530576
-150.675491
0
-11277.267578
1457.061523
2013.890381
0.000101
-0.530576
-150.675491
0
-11329.577148
1427.677124
2013.409058
0.000101
-0.459685
-150.675476
0
-11381.886719
1398.292725
2012.927734
0.000101
-0.459685
-150.675476
0
-11434.197266
1368.908203
2012.483032
0.000101
-0.424681
-150.675491
0
-11486.507813
1339.523682
2012.03833
0.000101
-0.424681
-150.675491
0
-11538.818359
1310.13916
2011.593628
0.000101
-0.424681
-150.675491
0
-11591.128906
1280.754517
2011.186279
0.000101
-0.389007
-150.675476
0
-11643.439453
1251.369873
2010.778931
0.000101
-0.389007
-150.675476
0
-11695.75
1221.985107
2010.408691
0.000101
-0.353544
-150.675461
0
-11748.023438
1192.53418
2010.119751
0.000101
-0.275967
-150.60321
0
-11800.268555
1163.03125
2009.890259
0.000101
-0.219174
-150.546417
0
-11852.498047
1133.500122
2009.757446
0.000101
-0.126857
-150.51561
0
-11904.701172
1103.923096
2009.677368
0.000101
-0.076505
-150.46524
0
-11956.904297
1074.346069
2009.717407
0.000101
0.03827
-150.46524
0
-12009.107422
1044.769043
2009.805908
0.000101
0.084565
-150.46524
0
-12061.291992
1015.158569
2009.936401
0.000101
0.124576
-150.428513
0
-12113.456055
985.513123
2010.107178
0.000101
0.16303
-150.39003
0
-12165.59668
955.825562
2010.326416
0.000101
0.209366
-150.343704
0
-12217.736328
926.138062
2010.58374
0.000101
0.245757
-150.343704
0
-12269.875977
896.450684
2010.87915
0.000101
0.282148
-150.343704
0
-12322.015625
866.763489
2011.250854
0.000101
0.354931
-150.343704
0
-12374.155273
837.076416
2011.660645
0.000101
0.391322
-150.343704
0
-12426.293945
807.389648
2012.146606
0.000101
0.464105
-150.343704
0
-12478.431641
777.703369
2012.746948
0.000101
0.573265
-150.343704
0
-12530.549805
747.986084
2013.499634
0.000101
0.71883
-150.308685
0
-12582.647461
718.235474
2014.370239
0.000101
0.831391
-150.271133
0
-12634.742188
688.486328
2015.431641
0.000101
1.013614
-150.271118
0
-12686.794922
658.671692
2016.70813
0.000101
1.219059
-150.196732
0
-12738.845703
628.858093
2018.080322
0.000101
1.310447
-150.196732
0
-12790.873047
599.011658
2019.611816
0.000101
1.462589
-150.158447
0
-12842.895508
569.167847
2021.338135
0.000101
1.648773
-150.158432
0
-12894.898438
539.293335
2023.140625
0.000101
1.721556
-150.123428
0
-12946.874023
509.385468
2025.154785
0.000101
1.923791
-150.082962
0
-12998.84375
479.480743
2027.348267
0.000101
2.095092
-150.082932
0
-13050.808594
449.579254
2029.713379
0.000101
2.259092
-150.082932
0
-13102.767578
419.680847
2032.231201
0.000101
2.405039
-150.082916
0
-13154.680664
389.720642
2034.957031
0.000101
2.603866
-150.009735
0
-13206.584961
359.765533
2037.897949
0.000101
2.809475
-150.009735
0
-13258.481445
329.814758
2041.010376
0.000101
2.973516
-150.009735
0
-13310.367188
299.870148
2044.352173
0.000101
3.192854
-150.009735
0
-13362.244141
269.931
2047.884155
0.000101
3.374789
-150.009735
0
-13414.111328
239.996948
2051.585205
0.000101
3.536583
-150.009735
0
-13465.969727
210.068466
2055.462402
0.000101
3.705022
-150.009735
0
-13517.814453
180.147736
2059.572021
0.0001
3.927393
-150.009735
0
-13569.647461
150.233841
2063.876465
0.0001
4.114082
-150.009735
0
-13621.466797
120.327896
2068.396484
0.0001
4.320415
-150.009735
0
-13673.269531
90.431488
2073.162354
0.000101
4.555948
-150.009735
0
-13725.058594
60.542976
2078.122559
0.000101
4.742016
-150.009735
0
-13776.832031
30.663086
2083.286377
0.000101
4.937243
-150.009735
0
-13828.612305
0.824043
2088.619873
0.000101
5.099815
-150.046677
0
-13880.383789
-29.009897
2094.067139
0.000101
5.208975
-150.046661
0
-13932.141602
-58.836052
2099.683105
0.000101
5.370823
-150.046646
0
-13983.895508
-88.660149
2105.343018
0.000101
5.412843
-150.046646
0
-14035.638672
-118.478027
2111.132568
0.000101
5.537309
-150.046646
0
-14087.37793
-148.293839
2116.964844
0.000101
5.57814
-150.046646
0
-14139.091797
-178.138458
2122.878662
0.000101
5.656489
-150.010284
0
-14190.805664
-207.983078
2128.79248
0.000101
5.656489
-150.010284
0
-14242.513672
-237.824081
2134.779297
0.000101
5.726471
-150.010269
0
-14294.210938
-267.658936
2140.888184
0.000101
5.843678
-150.010269
0
-14345.884766
-297.524994
2147.039551
0.000101
5.884385
-149.973221
0
-14397.549805
-327.385986
2153.288574
0.000101
5.978143
-149.973221
0
-14449.203125
-357.240234
2159.665039
0.000101
6.100492
-149.973206
0
-14500.848633
-387.089905
2166.126221
0.000101
6.182072
-149.973206
0
-14552.482422
-416.932678
2172.713623
0.000101
6.303267
-149.973221
0
-14604.111328
-446.77298
2179.345703
0.000101
6.346051
-149.973221
0
-14655.737305
-476.611176
2186.015625
0.000101
6.382483
-149.973221
0
-14707.353516
-506.444
2192.780762
0.0001
6.47394
-149.973221
0
-14758.969727
-536.276855
2199.545898
0.0001
6.47394
-149.973221
0
-14810.582031
-566.1073
2206.352295
0.0001
6.513664
-149.973221
0
-14862.194336
-595.937744
2213.158691
0.0001
6.513664
-149.973221
0
-14913.806641
-625.768188
2219.965088
0.0001
6.513664
-149.973221
0
-14965.418945
-655.598633
2226.771484
0.0001
6.513664
-149.973221
0
-15017.027344
-685.427002
2233.61499
0.0001
6.549345
-149.973221
0
-15068.635742
-715.255371
2240.458496
0.0001
6.549345
-149.973221
0
-15120.244141
-745.08374
2247.302002
0.0001
6.549345
-149.973221
0
-15171.848633
-774.909912
2254.182861
0.0001
6.585251
-149.973206
0
-15223.453125
-804.736084
2261.063721
0.0001
6.585251
-149.973206
